models/bassiero.asc
ncols        302
nrows        277
xllcorner    335283.000000000000
yllcorner    4718813.000000000000
cellsize     2.000000000000
NODATA_value  -9999
[rows 100 to 119 of 277, columns 184 to 229 of 302]
2770.47998046875 2770.659912109375 2770.780029296875 2770.89990234375 2770.860107421875 2771.260009765625 2771.75 2772.56005859375 2773 2774.3701171875 2775.47998046875 2777.219970703125 2779.25 2781.280029296875 2782.739990234375 2783.02001953125 2783.14990234375 2784.3798828125 2787.919921875 2791.169921875 2793.409912109375 2796.429931640625 2798.969970703125 2801.389892578125 2802.93994140625 2803.77001953125 2803.56005859375 2803.639892578125 2805.820068359375 2807.27001953125 2808.35009765625 2810.7099609375 2812.2900390625 2816.35009765625 2817.639892578125 2822.760009765625 2833.010009765625 2837.06005859375 2837.14990234375 2836.219970703125 2835.81005859375 2835.219970703125 2834.8798828125 2834.18994140625 2833.5400390625 2833.010009765625
2772.159912109375 2772.239990234375 2772.4599609375 2772.260009765625 2772.449951171875 2772.590087890625 2773.2099609375 2774.010009765625 2774.64990234375 2775.39990234375 2777.429931640625 2779.110107421875 2781.1201171875 2782.97998046875 2784.60009765625 2784.639892578125 2784.81005859375 2785.699951171875 2787.97998046875 2790.739990234375 2792.820068359375 2797.919921875 2800.389892578125 2802.5 2804.159912109375 2805.449951171875 2805.580078125 2805.7900390625 2807.080078125 2808.139892578125 2809.669921875 2812.10009765625 2814.06005859375 2817.6298828125 2818.919921875 2825.919921875 2835.35009765625 2837.97998046875 2837.550048828125 2836.739990234375 2836.52001953125 2835.60009765625 2835.159912109375 2834.580078125 2834.070068359375 2833.510009765625
2773.7900390625 2773.5 2773.7099609375 2773.8798828125 2774.10009765625 2774.3701171875 2774.8701171875 2775.4599609375 2776.27001953125 2777.219970703125 2778.719970703125 2780.06005859375 2782.18994140625 2784.14990234375 2785.590087890625 2786.530029296875 2786.889892578125 2788.409912109375 2790 2792 2794.169921875 2798.97998046875 2800.889892578125 2803.72998046875 2806.010009765625 2806.889892578125 2807.5 2807.820068359375 2808.610107421875 2809.72998046875 2811.860107421875 2813.18994140625 2817.81005859375 2819.010009765625 2820.64990234375 2829.31005859375 2836.820068359375 2838.429931640625 2837.949951171875 2837.360107421875 2836.60009765625 2835.860107421875 2835.419921875 2834.89990234375 2834.5400390625 2833.97998046875
2775.27001953125 2774.93994140625 2775 2775.199951171875 2775.5 2775.8701171875 2776.340087890625 2777.14990234375 2777.7900390625 2778.739990234375 2779.699951171875 2783.320068359375 2784.85009765625 2786.199951171875 2788.010009765625 2788.27001953125 2789.330078125 2790.47998046875 2791.659912109375 2793.469970703125 2795.89990234375 2798.10009765625 2801.56005859375 2804.47998046875 2807.25 2808.47998046875 2809.1201171875 2809.719970703125 2810.3701171875 2812.18994140625 2813.570068359375 2815.429931640625 2818.14990234375 2820.10009765625 2822.389892578125 2833.14990234375 2838.18994140625 2838.919921875 2838.22998046875 2837.530029296875 2836.85009765625 2836.340087890625 2835.81005859375 2835.409912109375 2834.889892578125 2834.429931640625
2776.830078125 2776.639892578125 2776.550048828125 2776.679931640625 2777.070068359375 2777.199951171875 2777.840087890625 2778.56005859375 2779.300048828125 2781.22998046875 2783.139892578125 2785.179931640625 2786.139892578125 2788.219970703125 2789.199951171875 2790.72998046875 2791.489990234375 2792.56005859375 2793.800048828125 2795.2900390625 2797.81005859375 2800.159912109375 2802.02001953125 2804.550048828125 2807.3701171875 2809.31005859375 2810.760009765625 2812.320068359375 2813.4599609375 2814.659912109375 2815.7099609375 2817.510009765625 2819.419921875 2821.639892578125 2826.320068359375 2832.639892578125 2837.969970703125 2838.89990234375 2838.330078125 2837.699951171875 2837.18994140625 2836.550048828125 2836.1298828125 2835.929931640625 2835.610107421875 2834.860107421875
2778.389892578125 2778.199951171875 2778 2778 2778.4599609375 2779.010009765625 2779.409912109375 2780.080078125 2782 2782.8798828125 2784.820068359375 2788.110107421875 2789.530029296875 2790.75 2791.39990234375 2792.56005859375 2793.22998046875 2795.43994140625 2796.610107421875 2798.429931640625 2799.919921875 2802.179931640625 2803.5 2806 2809.22998046875 2810.989990234375 2813.580078125 2815.219970703125 2816.260009765625 2816.260009765625 2817.72998046875 2819.239990234375 2822.760009765625 2825.25 2829.5 2835.320068359375 2838.25 2839.169921875 2838.60009765625 2838.010009765625 2837.409912109375 2836.889892578125 2836.3798828125 2836.179931640625 2835.8798828125 2835.409912109375
2779.8701171875 2779.81005859375 2779.47998046875 2779.64990234375 2780.090087890625 2780.610107421875 2781.389892578125 2781.8798828125 2784.27001953125 2786.35009765625 2788.070068359375 2789.580078125 2791.2900390625 2791.919921875 2792.68994140625 2794.0400390625 2796.1201171875 2798.5400390625 2799 2801.550048828125 2802.31005859375 2803.8798828125 2805.5400390625 2807.02001953125 2810.14990234375 2812.3701171875 2814.409912109375 2816.35009765625 2817.510009765625 2818.4599609375 2820.35009765625 2821.81005859375 2824.89990234375 2829.110107421875 2834.06005859375 2837.75 2839.68994140625 2839.419921875 2839.010009765625 2838.429931640625 2837.72998046875 2837.25 2836.780029296875 2836.3798828125 2836 2835.820068359375
2781.429931640625 2781.3701171875 2781.070068359375 2781.580078125 2781.669921875 2782.52001953125 2783.929931640625 2785.820068359375 2787.02001953125 2788.510009765625 2791.300048828125 2791.780029296875 2793.219970703125 2794.030029296875 2795.6298828125 2798.800048828125 2799.469970703125 2801.9599609375 2802.489990234375 2803.989990234375 2804.8798828125 2805.81005859375 2807.0400390625 2808.56005859375 2811.93994140625 2814.110107421875 2814.860107421875 2816.5400390625 2820.02001953125 2822.110107421875 2824.81005859375 2825.639892578125 2828.5400390625 2833.949951171875 2837.110107421875 2839.0400390625 2840.159912109375 2839.719970703125 2839.06005859375 2838.659912109375 2838.1298828125 2837.580078125 2837.070068359375 2836.429931640625 2836.300048828125 2836.090087890625
2783.0400390625 2783.1298828125 2783.43994140625 2783.449951171875 2783.820068359375 2784.4599609375 2786.68994140625 2788.860107421875 2790.3798828125 2791.75 2792.77001953125 2794.139892578125 2795.47998046875 2796.1201171875 2799.159912109375 2801.4599609375 2803.449951171875 2803.889892578125 2805.43994140625 2806.39990234375 2807.340087890625 2807.909912109375 2808.659912109375 2810.52001953125 2813.85009765625 2815.35009765625 2816.14990234375 2817.469970703125 2822.7099609375 2825.469970703125 2826.169921875 2827 2828.2900390625 2835.360107421875 2839.8798828125 2840.919921875 2840.52001953125 2839.830078125 2839.699951171875 2839.14990234375 2838.530029296875 2838.010009765625 2837.31005859375 2836.89990234375 2836.360107421875 2836.159912109375
2784.580078125 2784.580078125 2785.110107421875 2785.330078125 2786.389892578125 2787.22998046875 2788.199951171875 2790.93994140625 2793.199951171875 2794.31005859375 2795.1201171875 2797 2798.89990234375 2800.889892578125 2802.300048828125 2803.969970703125 2806.340087890625 2806.2900390625 2807.580078125 2808.919921875 2809.5 2809.820068359375 2811.179931640625 2813.199951171875 2816.64990234375 2816.860107421875 2817.699951171875 2821.4599609375 2824.360107421875 2826.510009765625 2827.93994140625 2828.360107421875 2829.340087890625 2835.56005859375 2841.6201171875 2841.419921875 2840.969970703125 2840.580078125 2840.02001953125 2839.510009765625 2838.909912109375 2838.27001953125 2838.10009765625 2837.6201171875 2837.179931640625 2836.81005859375
2786.02001953125 2786.0400390625 2786.6298828125 2787.330078125 2788.830078125 2789.590087890625 2791.139892578125 2793.909912109375 2795.89990234375 2797.2099609375 2797.780029296875 2799.6201171875 2801.699951171875 2802.3701171875 2804.280029296875 2806.9599609375 2807.580078125 2807.820068359375 2810.469970703125 2811.31005859375 2811.830078125 2811.699951171875 2814.179931640625 2818.4599609375 2819.9599609375 2819 2819.860107421875 2822.989990234375 2825.860107421875 2828.219970703125 2829.199951171875 2832.139892578125 2835.449951171875 2839.31005859375 2842.5 2842.02001953125 2841.6298828125 2841.1201171875 2840.780029296875 2840.219970703125 2839.56005859375 2839.02001953125 2838.64990234375 2838.4599609375 2837.669921875 2837.2099609375
2787.60009765625 2788.10009765625 2788.25 2789.489990234375 2791.820068359375 2793.43994140625 2794.969970703125 2796.35009765625 2799.43994140625 2799.780029296875 2800.139892578125 2802.030029296875 2803.22998046875 2804.280029296875 2805.60009765625 2807.760009765625 2808.590087890625 2810.14990234375 2813.5 2814.9599609375 2816.31005859375 2817.969970703125 2820.300048828125 2822.81005859375 2822.8701171875 2823.239990234375 2823.179931640625 2825 2828.239990234375 2829.89990234375 2832.39990234375 2838.10009765625 2839.969970703125 2842.780029296875 2843.3701171875 2843.25 2842.739990234375 2842.02001953125 2841.47998046875 2840.840087890625 2840.050048828125 2839.469970703125 2839.27001953125 2839.090087890625 2838.2900390625 2837.64990234375
2789.830078125 2790.3701171875 2790.889892578125 2795.090087890625 2797.050048828125 2797.6201171875 2798.179931640625 2798.3701171875 2801.469970703125 2802 2802.8798828125 2804.75 2806.169921875 2807.39990234375 2807.18994140625 2808.580078125 2811.110107421875 2814.360107421875 2816.949951171875 2818.85009765625 2819.64990234375 2820.760009765625 2822.699951171875 2825 2824.7099609375 2828.679931640625 2827.85009765625 2830.25 2832.64990234375 2833.530029296875 2840 2840.929931640625 2841.909912109375 2843.7900390625 2844.39990234375 2844.010009765625 2843.389892578125 2842.929931640625 2842.25 2841.8701171875 2841.239990234375 2840.389892578125 2839.8798828125 2839.679931640625 2838.9599609375 2838.429931640625
2791.949951171875 2792.18994140625 2794.8798828125 2797.0400390625 2798.889892578125 2800.030029296875 2800.590087890625 2801.860107421875 2803 2803.949951171875 2806.110107421875 2808.75 2810.340087890625 2809.780029296875 2809.7900390625 2812.02001953125 2815.550048828125 2818.5 2819.860107421875 2821.070068359375 2822.719970703125 2824.85009765625 2825.85009765625 2828.22998046875 2830.699951171875 2832.989990234375 2833.510009765625 2835.60009765625 2837.0400390625 2838.22998046875 2842.070068359375 2843.090087890625 2843.7099609375 2844.719970703125 2844.610107421875 2844.449951171875 2844.169921875 2843.219970703125 2842.56005859375 2842.1298828125 2841.909912109375 2841.18994140625 2840.52001953125 2840.070068359375 2839.489990234375 2839.080078125
2795.14990234375 2795.6298828125 2797.639892578125 2800.2900390625 2801.72998046875 2802.27001953125 2803.06005859375 2803.3798828125 2804.610107421875 2805.47998046875 2807.93994140625 2811.77001953125 2812.919921875 2812.27001953125 2812.739990234375 2815.760009765625 2818.64990234375 2822.43994140625 2822.97998046875 2825.050048828125 2826.47998046875 2827.14990234375 2829.389892578125 2831.75 2835.320068359375 2838.030029296875 2839.2099609375 2839.97998046875 2841 2841.169921875 2843.35009765625 2844.2900390625 2845.60009765625 2846.050048828125 2845.320068359375 2845.280029296875 2844.7099609375 2844.239990234375 2843.25 2842.669921875 2842.280029296875 2841.679931640625 2841.0400390625 2840.35009765625 2839.820068359375 2839.6201171875
2796.280029296875 2798.52001953125 2799.760009765625 2801.340087890625 2803.050048828125 2804.110107421875 2804.330078125 2805.1201171875 2806.110107421875 2807.550048828125 2810.3798828125 2813.389892578125 2814.330078125 2814.47998046875 2815.22998046875 2818.830078125 2821.389892578125 2824.64990234375 2826.580078125 2827.909912109375 2828.929931640625 2831.2099609375 2832.35009765625 2836.2900390625 2839.030029296875 2841.77001953125 2842.050048828125 2843.4599609375 2843.800048828125 2843.68994140625 2845.25 2846.52001953125 2846.719970703125 2847.3701171875 2846.669921875 2846.219970703125 2845.8798828125 2844.800048828125 2844 2843.489990234375 2842.969970703125 2842.320068359375 2841.68994140625 2840.77001953125 2840.02001953125 2839.820068359375
2797.580078125 2798.969970703125 2800.510009765625 2802.280029296875 2803.510009765625 2805.179931640625 2806 2807.2900390625 2808.4599609375 2810.989990234375 2813.10009765625 2814.47998046875 2815.679931640625 2817.110107421875 2818.510009765625 2821.9599609375 2825.330078125 2826.969970703125 2828.60009765625 2829.780029296875 2831.199951171875 2832.77001953125 2836.360107421875 2839.139892578125 2842.719970703125 2844.85009765625 2845.1201171875 2845.360107421875 2845.699951171875 2846.9599609375 2847.889892578125 2848.169921875 2848.2900390625 2848.449951171875 2847.889892578125 2847.300048828125 2846.739990234375 2845.929931640625 2845.090087890625 2844.4599609375 2844.02001953125 2843.219970703125 2842.610107421875 2841.760009765625 2840.820068359375 2840.3798828125
2799.110107421875 2801.14990234375 2801.820068359375 2803.75 2805.22998046875 2806.830078125 2808.8798828125 2810.300048828125 2811.0400390625 2813.010009765625 2814.179931640625 2815.469970703125 2816.669921875 2819.89990234375 2821.610107421875 2825.0400390625 2827.010009765625 2828.669921875 2830.10009765625 2831.6201171875 2832.52001953125 2836.429931640625 2839.0400390625 2842.219970703125 2845.68994140625 2847.639892578125 2846.830078125 2847.5400390625 2848.47998046875 2849.110107421875 2849.580078125 2849.590087890625 2849.699951171875 2849.3798828125 2848.909912109375 2848.219970703125 2847.60009765625 2847.02001953125 2846.429931640625 2845.340087890625 2844.570068359375 2843.969970703125 2843.47998046875 2842.830078125 2841.909912109375 2841.3798828125
2801.0400390625 2802.719970703125 2804.72998046875 2806.31005859375 2808.030029296875 2808.780029296875 2811.280029296875 2812.800048828125 2813.93994140625 2814.6201171875 2815.280029296875 2816.550048828125 2819.56005859375 2823.10009765625 2825.1298828125 2827.77001953125 2829.419921875 2830.10009765625 2831.43994140625 2833.02001953125 2834.7099609375 2838.840087890625 2842.64990234375 2845.139892578125 2847.93994140625 2849.159912109375 2850 2849.97998046875 2850.090087890625 2850.489990234375 2850.60009765625 2850.860107421875 2850.85009765625 2850.320068359375 2850.06005859375 2849.330078125 2848.739990234375 2848.159912109375 2847.419921875 2846.5400390625 2845.7099609375 2844.6201171875 2844.179931640625 2843.639892578125 2842.919921875 2843.2900390625
2803.199951171875 2804.820068359375 2807.010009765625 2808.699951171875 2810.469970703125 2811.14990234375 2815 2814.5400390625 2815.550048828125 2816 2816.530029296875 2817.719970703125 2821.199951171875 2824.1201171875 2827.469970703125 2830.080078125 2831.6298828125 2832.340087890625 2833.0400390625 2834.02001953125 2837.280029296875 2841.89990234375 2844.8701171875 2847.550048828125 2850.4599609375 2850.800048828125 2851.22998046875 2851.3701171875 2851.530029296875 2851.85009765625 2851.7099609375 2851.949951171875 2851.760009765625 2851.35009765625 2850.840087890625 2850.22998046875 2849.739990234375 2849.3798828125 2849.0400390625 2848.280029296875 2847.39990234375 2846.050048828125 2844.64990234375 2844.25 2844.659912109375 2844.52001953125
