models/bassiero.asc
ncols        302
nrows        277
xllcorner    335283.000000000000
yllcorner    4718813.000000000000
cellsize     2.000000000000
NODATA_value  -9999
[rows 140 to 159 of 277, columns 138 to 183 of 302]
2900.159912109375 2900.56005859375 2901.300048828125 2902.010009765625 2901.090087890625 2899.43994140625 2897.449951171875 2895.820068359375 2894.070068359375 2890.320068359375 2887.6201171875 2884.27001953125 2881.419921875 2879.030029296875 2876.7900390625 2873.97998046875 2871.75 2867.679931640625 2862.469970703125 2856.080078125 2851.25 2847.75 2844.260009765625 2841.070068359375 2839.8798828125 2838.510009765625 2837.18994140625 2836.39990234375 2835.77001953125 2835.18994140625 2835.06005859375 2835.110107421875 2834.8701171875 2835.669921875 2836.1201171875 2836.8798828125 2837.2099609375 2838.93994140625 2840.9599609375 2843.5 2849.550048828125 2853.550048828125 2854.7099609375 2853.56005859375 2854.760009765625 2855.929931640625
2901.429931640625 2902.010009765625 2902.179931640625 2901.929931640625 2901.06005859375 2899.64990234375 2897.489990234375 2895.719970703125 2892.760009765625 2889.590087890625 2886.669921875 2883.919921875 2881.75 2879.179931640625 2875.97998046875 2873.8798828125 2870 2866.72998046875 2860.159912109375 2853.409912109375 2850.679931640625 2847.18994140625 2843.469970703125 2841.919921875 2840.800048828125 2839.949951171875 2838.31005859375 2837.68994140625 2837.31005859375 2837.02001953125 2836.570068359375 2836.639892578125 2837.699951171875 2837.570068359375 2838.68994140625 2839.22998046875 2839.489990234375 2842.050048828125 2844.7099609375 2848.800048828125 2852.68994140625 2854.419921875 2855.31005859375 2857.06005859375 2858.969970703125 2863.3798828125
2901.590087890625 2901.81005859375 2901.510009765625 2900.35009765625 2900.22998046875 2898.830078125 2896.8798828125 2894.550048828125 2891.97998046875 2889.25 2887.2900390625 2885.0400390625 2881.1201171875 2879.340087890625 2876.610107421875 2872.610107421875 2868.739990234375 2864.699951171875 2858.27001953125 2853.449951171875 2849.56005859375 2846.02001953125 2844.239990234375 2842.85009765625 2841.590087890625 2841.1201171875 2840.080078125 2838.7900390625 2838.3798828125 2838.110107421875 2838.360107421875 2838.68994140625 2839.110107421875 2839.820068359375 2841.02001953125 2841.27001953125 2842.719970703125 2845.389892578125 2847.64990234375 2851.5400390625 2852.989990234375 2854.9599609375 2857.43994140625 2859.18994140625 2863.81005859375 2865.5400390625
2899.719970703125 2898.409912109375 2899.5 2897.780029296875 2894.25 2892.639892578125 2893.7099609375 2894.2099609375 2893.2900390625 2889.64990234375 2887.0400390625 2884.169921875 2881.75 2879.9599609375 2878.300048828125 2869.64990234375 2867.64990234375 2862.64990234375 2856.010009765625 2851.06005859375 2847.97998046875 2846.27001953125 2844.949951171875 2844.2900390625 2842.739990234375 2842.2099609375 2841.080078125 2839.93994140625 2839.510009765625 2839.68994140625 2839.68994140625 2840.35009765625 2841.010009765625 2841.47998046875 2842.739990234375 2843.68994140625 2846.949951171875 2850.7900390625 2853.300048828125 2855.18994140625 2858.679931640625 2860.179931640625 2860.830078125 2864.8701171875 2865.8798828125 2866.93994140625
2899.6298828125 2897.469970703125 2896.1298828125 2892.929931640625 2891.580078125 2889.419921875 2892.719970703125 2894.360107421875 2894.6298828125 2890.360107421875 2886.989990234375 2884.43994140625 2882.3701171875 2880.5400390625 2879.3701171875 2869.14990234375 2866.840087890625 2860.080078125 2854 2850.489990234375 2849.070068359375 2853.18994140625 2853.669921875 2848.929931640625 2846.72998046875 2846.3701171875 2841.889892578125 2841.909912109375 2841.610107421875 2842.489990234375 2842.030029296875 2842.3798828125 2843.8798828125 2843.780029296875 2843.919921875 2846.10009765625 2850.14990234375 2854.860107421875 2856.6201171875 2856.739990234375 2862.35009765625 2865.610107421875 2866.909912109375 2868.179931640625 2868.929931640625 2868.969970703125
2896.409912109375 2895.070068359375 2893.340087890625 2891.909912109375 2890.27001953125 2887.3701171875 2888.360107421875 2890.97998046875 2891.010009765625 2889.840087890625 2887.3701171875 2884.72998046875 2882.610107421875 2881.219970703125 2874.93994140625 2868.080078125 2865.510009765625 2858.22998046875 2855.050048828125 2854.43994140625 2852.47998046875 2857.360107421875 2858.610107421875 2857.429931640625 2851.919921875 2846.6298828125 2843.0400390625 2846.050048828125 2846.22998046875 2845.550048828125 2845.159912109375 2845.1298828125 2844.820068359375 2845.2900390625 2845.969970703125 2847.300048828125 2849.860107421875 2863.949951171875 2862.489990234375 2861.27001953125 2864.820068359375 2868.3701171875 2869.4599609375 2870.25 2870.239990234375 2870.449951171875
2892.669921875 2891.31005859375 2890.47998046875 2889.260009765625 2887.1201171875 2884.610107421875 2886.3798828125 2888.280029296875 2887.840087890625 2887.610107421875 2886.590087890625 2885.3701171875 2882.9599609375 2879.1201171875 2869.360107421875 2867.64990234375 2863.64990234375 2858.2900390625 2856.830078125 2855.3701171875 2853.31005859375 2857.64990234375 2858.050048828125 2856.909912109375 2852.590087890625 2845.739990234375 2844.85009765625 2849.320068359375 2849.330078125 2848.929931640625 2848.530029296875 2847.739990234375 2847.340087890625 2851.2099609375 2847.6201171875 2850.10009765625 2856.030029296875 2867.510009765625 2868.659912109375 2869.56005859375 2870.43994140625 2870.090087890625 2869.9599609375 2870.320068359375 2870.39990234375 2871.64990234375
2891.070068359375 2889.43994140625 2887.27001953125 2884.510009765625 2881.699951171875 2880.909912109375 2885.27001953125 2884.530029296875 2884.22998046875 2880.699951171875 2882.47998046875 2881.169921875 2880.77001953125 2874.510009765625 2870.639892578125 2867.6298828125 2861.889892578125 2857.3798828125 2858.090087890625 2856.31005859375 2860.1298828125 2864.090087890625 2856.260009765625 2853.469970703125 2851.050048828125 2845.760009765625 2843.3701171875 2847.2900390625 2850.820068359375 2850.5 2850.10009765625 2849.639892578125 2851.31005859375 2855.550048828125 2858.389892578125 2859.9599609375 2867.22998046875 2868.419921875 2868.840087890625 2869.080078125 2869.6201171875 2869.39990234375 2870.949951171875 2870.5400390625 2870.409912109375 2871.659912109375
2890.8798828125 2889.6201171875 2887.260009765625 2884.389892578125 2881.340087890625 2878.949951171875 2879.050048828125 2878.780029296875 2877.7099609375 2875.5400390625 2875.159912109375 2876.830078125 2876.090087890625 2871.35009765625 2869.989990234375 2866.010009765625 2860.199951171875 2853.93994140625 2854.090087890625 2853.929931640625 2854.7900390625 2858.1201171875 2859.969970703125 2852.5400390625 2849.110107421875 2844.580078125 2841.419921875 2840.85009765625 2840.669921875 2848.3701171875 2849.199951171875 2848.97998046875 2850.949951171875 2856.719970703125 2858.510009765625 2862.3701171875 2866.25 2866.8701171875 2867.639892578125 2867.919921875 2867.929931640625 2868.169921875 2870.530029296875 2870.6298828125 2870.159912109375 2869.06005859375
2891.1201171875 2889.60009765625 2887.610107421875 2885.10009765625 2881.669921875 2877.9599609375 2877.030029296875 2875.510009765625 2872.260009765625 2872.280029296875 2872.530029296875 2872.010009765625 2870.780029296875 2868.60009765625 2868.260009765625 2863.530029296875 2857.5 2852.159912109375 2851.610107421875 2852.6201171875 2852.080078125 2854.02001953125 2854.43994140625 2852.110107421875 2849.530029296875 2842.85009765625 2839.800048828125 2839.320068359375 2838.85009765625 2839.47998046875 2843.280029296875 2846.18994140625 2844.719970703125 2855.139892578125 2860.340087890625 2863.570068359375 2865.300048828125 2865.830078125 2866.22998046875 2866.239990234375 2866.820068359375 2866.989990234375 2868.219970703125 2870.22998046875 2870.06005859375 2866.320068359375
2890.35009765625 2888.780029296875 2886.679931640625 2884.18994140625 2881.510009765625 2878.14990234375 2876.929931640625 2875.409912109375 2873.4599609375 2871.139892578125 2869.800048828125 2865.489990234375 2864.8798828125 2864.7900390625 2866.97998046875 2860.719970703125 2854.2099609375 2850.81005859375 2850.070068359375 2850.56005859375 2848.800048828125 2846.929931640625 2846.659912109375 2851.090087890625 2848.340087890625 2840.610107421875 2838.419921875 2838.0400390625 2837.610107421875 2837.43994140625 2837.580078125 2838.909912109375 2839.030029296875 2847.8701171875 2851.5 2857.43994140625 2863.47998046875 2864.6201171875 2865.050048828125 2865.510009765625 2865.56005859375 2865.639892578125 2866.3798828125 2868.070068359375 2865.60009765625 2864.409912109375
2891.02001953125 2888.7099609375 2885.9599609375 2883.52001953125 2881.7099609375 2879.25 2877.02001953125 2873.8701171875 2870.64990234375 2867.6201171875 2865.419921875 2863.31005859375 2861.610107421875 2861.39990234375 2863.85009765625 2857.820068359375 2851.9599609375 2849.68994140625 2848.699951171875 2847.800048828125 2845.889892578125 2844.989990234375 2844.43994140625 2846.97998046875 2846.6201171875 2839.52001953125 2837.1201171875 2836.760009765625 2836.2099609375 2835.919921875 2836.1201171875 2836.52001953125 2836.639892578125 2836.7099609375 2841.419921875 2846.699951171875 2850.60009765625 2859.47998046875 2862.199951171875 2862.929931640625 2864.080078125 2864.489990234375 2864.699951171875 2864.81005859375 2864 2861.919921875
2892.5400390625 2890.139892578125 2887.280029296875 2884.550048828125 2882.5 2880.219970703125 2877.989990234375 2874.97998046875 2871.219970703125 2868.35009765625 2866.110107421875 2863.77001953125 2861.6201171875 2858.3798828125 2860.7099609375 2855.429931640625 2850.5400390625 2848.8798828125 2847.340087890625 2846.360107421875 2845.14990234375 2843.070068359375 2842.8701171875 2845.5 2843.090087890625 2836.530029296875 2835.840087890625 2835.2900390625 2835.179931640625 2834.43994140625 2834.429931640625 2835.1298828125 2835.260009765625 2835.239990234375 2835.9599609375 2837.6201171875 2840.8701171875 2844.780029296875 2849.2900390625 2851 2860.030029296875 2861.429931640625 2863.320068359375 2863.18994140625 2861.25 2858.590087890625
2889.860107421875 2892.27001953125 2888.7900390625 2884.3701171875 2881.929931640625 2880.22998046875 2878.6298828125 2875.68994140625 2873.550048828125 2870.0400390625 2866.590087890625 2864.419921875 2860.639892578125 2855.1298828125 2853.610107421875 2851.81005859375 2850.159912109375 2848.64990234375 2846.739990234375 2845.260009765625 2844.0400390625 2842.080078125 2840.860107421875 2840.820068359375 2839.10009765625 2835.81005859375 2834.35009765625 2833.969970703125 2833.64990234375 2833.2099609375 2832.9599609375 2833.080078125 2833.169921875 2833.5400390625 2833.080078125 2833.949951171875 2834.239990234375 2836.570068359375 2841.22998046875 2844.419921875 2847.68994140625 2850.89990234375 2854.610107421875 2857.139892578125 2857.860107421875 2850.489990234375
2879.830078125 2889.02001953125 2886.14990234375 2884.050048828125 2882.110107421875 2880.1201171875 2878.25 2876.5 2874.610107421875 2873.06005859375 2869.93994140625 2866.090087890625 2861.080078125 2858.14990234375 2852.4599609375 2850.489990234375 2849.239990234375 2847.760009765625 2846.280029296875 2844.35009765625 2842.93994140625 2840.469970703125 2838.679931640625 2837.56005859375 2835.989990234375 2834.679931640625 2833.14990234375 2832.840087890625 2832 2831.860107421875 2831.81005859375 2831.679931640625 2831.14990234375 2831.25 2831.260009765625 2831.830078125 2832.989990234375 2834.409912109375 2836.1201171875 2838.300048828125 2840.330078125 2843.159912109375 2843.6201171875 2844.89990234375 2846.18994140625 2847.590087890625
2878.610107421875 2883.22998046875 2885.989990234375 2886.659912109375 2884.909912109375 2882.389892578125 2879.6298828125 2877.3798828125 2874.18994140625 2872.179931640625 2870.199951171875 2865.830078125 2860.77001953125 2855.419921875 2853.4599609375 2850.1298828125 2848.469970703125 2846.6298828125 2845.2900390625 2843.159912109375 2841.679931640625 2839.14990234375 2837.590087890625 2836.360107421875 2835.090087890625 2833.780029296875 2832.530029296875 2831.679931640625 2830.7900390625 2830.489990234375 2830.110107421875 2830.169921875 2829.5400390625 2829.5 2829.550048828125 2829.830078125 2831.2099609375 2833.97998046875 2835.85009765625 2837.81005859375 2839.139892578125 2840.570068359375 2841.97998046875 2844.070068359375 2844.7099609375 2845.4599609375
2876.64990234375 2881.510009765625 2886.06005859375 2888.159912109375 2887.530029296875 2886.179931640625 2885.820068359375 2879.969970703125 2874.760009765625 2872.219970703125 2869.8798828125 2864.330078125 2860.89990234375 2860.110107421875 2860.320068359375 2852.030029296875 2848.949951171875 2847.43994140625 2845.02001953125 2841.739990234375 2840.110107421875 2838.570068359375 2836.320068359375 2835.050048828125 2834.260009765625 2832.9599609375 2831.780029296875 2830.75 2829.830078125 2829.199951171875 2828.81005859375 2828.56005859375 2827.909912109375 2827.820068359375 2827.27001953125 2827.360107421875 2829.1201171875 2829.97998046875 2834.97998046875 2836.510009765625 2837.889892578125 2839.340087890625 2841.22998046875 2841.840087890625 2841.659912109375 2842.25
2876.3798828125 2880.14990234375 2887.090087890625 2890.510009765625 2889.169921875 2889.0400390625 2888.169921875 2883.510009765625 2875.659912109375 2875.52001953125 2871.919921875 2867.419921875 2866.280029296875 2865.530029296875 2862.85009765625 2860 2853.6201171875 2847.610107421875 2845.489990234375 2842.179931640625 2839.89990234375 2837.679931640625 2835.5400390625 2834.239990234375 2833.080078125 2831.89990234375 2830.8701171875 2829.719970703125 2828.68994140625 2828.239990234375 2827.659912109375 2827.139892578125 2826.469970703125 2826.1201171875 2826 2826.0400390625 2826.2900390625 2827.909912109375 2832.60009765625 2834.820068359375 2836.219970703125 2838.300048828125 2840.14990234375 2839.9599609375 2839.919921875 2841.050048828125
2877.77001953125 2882.830078125 2886.760009765625 2891.85009765625 2891.97998046875 2889.830078125 2887.570068359375 2885.489990234375 2880.22998046875 2879.780029296875 2874.530029296875 2869.409912109375 2868.070068359375 2866.530029296875 2862.75 2859.14990234375 2856.510009765625 2852.97998046875 2847.949951171875 2843.969970703125 2841.580078125 2838.3798828125 2835.010009765625 2833.570068359375 2832.179931640625 2830.830078125 2829.68994140625 2828.590087890625 2827.699951171875 2827 2826.219970703125 2825.719970703125 2825.14990234375 2824.949951171875 2824.6201171875 2824.60009765625 2824.75 2825.510009765625 2831.18994140625 2832.510009765625 2835.22998046875 2837.25 2838.010009765625 2837.330078125 2836.969970703125 2844.22998046875
2877.39990234375 2885.25 2887.030029296875 2891.4599609375 2892.68994140625 2890.719970703125 2888.10009765625 2885.840087890625 2881.260009765625 2879.080078125 2874.530029296875 2871.280029296875 2868.530029296875 2866.760009765625 2862.169921875 2859.93994140625 2857.659912109375 2854.1201171875 2853.89990234375 2850.06005859375 2847.10009765625 2842.929931640625 2839.06005859375 2835.429931640625 2831.510009765625 2829.919921875 2828.679931640625 2827.669921875 2826.47998046875 2825.580078125 2824.739990234375 2824.199951171875 2823.389892578125 2823.239990234375 2823.199951171875 2823.219970703125 2823.27001953125 2823.81005859375 2825.60009765625 2830.1298828125 2835 2835.139892578125 2836 2833.610107421875 2835.760009765625 2841.739990234375
