models/bassiero.asc
ncols        302
nrows        277
xllcorner    335283.000000000000
yllcorner    4718813.000000000000
cellsize     2.000000000000
NODATA_value  -9999
[rows 60 to 79 of 277, columns 230 to 275 of 302]
2816.090087890625 2815.56005859375 2815.330078125 2814.8701171875 2814.5 2813.949951171875 2813.510009765625 2812.68994140625 2812.050048828125 2811.27001953125 2810.800048828125 2810.320068359375 2809.610107421875 2809.1201171875 2808.570068359375 2808.219970703125 2807.739990234375 2807.3798828125 2807.25 2807.199951171875 2806.9599609375 2806.77001953125 2806.590087890625 2806.3798828125 2806.0400390625 2805.64990234375 2805.469970703125 2805.22998046875 2804.889892578125 2804.4599609375 2804.169921875 2803.590087890625 2803.159912109375 2802.820068359375 2802.360107421875 2801.800048828125 2801.340087890625 2800.93994140625 2800.639892578125 2800.110107421875 2799.699951171875 2799.179931640625 2798.919921875 2798.580078125 2798.360107421875 2797.800048828125
2816.409912109375 2816.090087890625 2815.699951171875 2815.070068359375 2814.72998046875 2814.3798828125 2813.929931640625 2813.02001953125 2812.530029296875 2811.719970703125 2811.050048828125 2810.4599609375 2810.030029296875 2809.300048828125 2808.35009765625 2807.929931640625 2807.580078125 2807.4599609375 2807.330078125 2807.300048828125 2807.10009765625 2806.85009765625 2806.659912109375 2806.449951171875 2806.219970703125 2805.8701171875 2805.6298828125 2805.35009765625 2804.9599609375 2804.550048828125 2804.090087890625 2803.7099609375 2803.070068359375 2802.590087890625 2802.179931640625 2801.830078125 2801.530029296875 2801.06005859375 2800.64990234375 2800.3701171875 2799.929931640625 2799.60009765625 2799.080078125 2798.81005859375 2798.6298828125 2797.97998046875
2815.989990234375 2816.22998046875 2815.93994140625 2815.409912109375 2814.89990234375 2814.43994140625 2814.080078125 2813.510009765625 2812.739990234375 2812.330078125 2811.639892578125 2810.590087890625 2810.010009765625 2809.340087890625 2808.139892578125 2807.93994140625 2807.739990234375 2807.580078125 2807.3798828125 2807.239990234375 2807.10009765625 2806.89990234375 2806.739990234375 2806.510009765625 2806.22998046875 2805.8701171875 2805.510009765625 2805.330078125 2804.949951171875 2804.27001953125 2804.010009765625 2803.6201171875 2803.030029296875 2802.530029296875 2802.25 2801.969970703125 2801.590087890625 2801.260009765625 2800.929931640625 2800.469970703125 2800.18994140625 2799.7900390625 2799.43994140625 2799.3798828125 2798.590087890625 2797.949951171875
2812.780029296875 2817.1298828125 2816.52001953125 2815.679931640625 2815.110107421875 2814.5400390625 2814.070068359375 2813.8701171875 2812.919921875 2812.449951171875 2811.949951171875 2810.929931640625 2810.179931640625 2809.449951171875 2808.1201171875 2807.929931640625 2807.780029296875 2807.77001953125 2807.429931640625 2807.27001953125 2807.10009765625 2807.010009765625 2806.780029296875 2806.590087890625 2806.080078125 2805.93994140625 2805.409912109375 2805.139892578125 2805.010009765625 2804.639892578125 2804.39990234375 2803.9599609375 2803.409912109375 2802.889892578125 2802.2900390625 2801.840087890625 2801.4599609375 2801.179931640625 2800.860107421875 2800.5 2800.610107421875 2800.27001953125 2799.840087890625 2799.889892578125 2799.43994140625 2798.4599609375
2816.679931640625 2817.340087890625 2817.1298828125 2816.18994140625 2815.31005859375 2814.489990234375 2814.0400390625 2813.659912109375 2813.159912109375 2812.2900390625 2811.840087890625 2811.02001953125 2810.52001953125 2809.570068359375 2808.43994140625 2808.10009765625 2807.949951171875 2807.85009765625 2807.610107421875 2807.3798828125 2807.179931640625 2807 2806.8701171875 2806.52001953125 2806.080078125 2805.820068359375 2805.590087890625 2805.320068359375 2805.2099609375 2804.8798828125 2804.60009765625 2804.090087890625 2803.64990234375 2803.090087890625 2802.35009765625 2801.8798828125 2801.570068359375 2801.419921875 2801.18994140625 2801.02001953125 2801.02001953125 2800.7900390625 2800.260009765625 2799.969970703125 2799.669921875 2799
2818.0400390625 2817.580078125 2817.010009765625 2816.18994140625 2815.4599609375 2814.8701171875 2814.239990234375 2813.800048828125 2813.0400390625 2812.050048828125 2811.60009765625 2811.43994140625 2810.800048828125 2810.090087890625 2809.199951171875 2808.580078125 2808.25 2808.18994140625 2807.89990234375 2807.5400390625 2807.219970703125 2807.139892578125 2806.919921875 2806.860107421875 2806.10009765625 2805.8798828125 2805.75 2805.77001953125 2805.31005859375 2805.080078125 2804.669921875 2804.280029296875 2803.889892578125 2803.2099609375 2802.820068359375 2802.239990234375 2801.77001953125 2801.7099609375 2801.830078125 2801.75 2801.64990234375 2801.429931640625 2800.72998046875 2800.260009765625 2800.06005859375 2799.429931640625
2818.7900390625 2817.8701171875 2817.5 2816.68994140625 2815.840087890625 2814.68994140625 2814.25 2813.840087890625 2813.18994140625 2812.1201171875 2811.679931640625 2811.0400390625 2810.6298828125 2810.179931640625 2809.6201171875 2809.2099609375 2808.7900390625 2808.570068359375 2808.179931640625 2808.2099609375 2807.860107421875 2807.75 2807.489990234375 2807.14990234375 2806.9599609375 2806.6201171875 2806.110107421875 2806.0400390625 2806.1298828125 2805.949951171875 2805.300048828125 2804.60009765625 2804.169921875 2803.64990234375 2803.139892578125 2802.409912109375 2802.52001953125 2802.760009765625 2802.739990234375 2802.3701171875 2802.090087890625 2801.77001953125 2800.860107421875 2800.409912109375 2800.169921875 2799.47998046875
2819.27001953125 2818.280029296875 2817.659912109375 2816.97998046875 2816.449951171875 2814.93994140625 2814.56005859375 2814.080078125 2813.280029296875 2812.409912109375 2812.010009765625 2811.260009765625 2810.7099609375 2810.2099609375 2809.909912109375 2809.56005859375 2809.030029296875 2809.2099609375 2808.969970703125 2808.77001953125 2808.669921875 2808.429931640625 2808.139892578125 2807.469970703125 2806.969970703125 2806.830078125 2806.449951171875 2806.429931640625 2806.469970703125 2806.389892578125 2805.830078125 2805.449951171875 2804.8798828125 2804.320068359375 2803.639892578125 2803.4599609375 2803.419921875 2803.580078125 2803.47998046875 2803.18994140625 2802.580078125 2802.139892578125 2801.25 2800.679931640625 2800.18994140625 2799.679931640625
2819.419921875 2818.75 2818.070068359375 2817.590087890625 2816.330078125 2815.199951171875 2814.780029296875 2814.260009765625 2813.659912109375 2813.340087890625 2812.35009765625 2811.590087890625 2810.64990234375 2810.139892578125 2809.909912109375 2809.840087890625 2809.739990234375 2809.7099609375 2809.449951171875 2809.27001953125 2809.070068359375 2808.860107421875 2808.22998046875 2807.5400390625 2807.47998046875 2807.409912109375 2807.169921875 2806.800048828125 2806.72998046875 2806.699951171875 2806.389892578125 2805.60009765625 2805.199951171875 2805.06005859375 2803.860107421875 2804.159912109375 2804.4599609375 2804.35009765625 2804.139892578125 2803.889892578125 2803.330078125 2802.590087890625 2801.090087890625 2800.72998046875 2800.260009765625 2799.949951171875
2820.280029296875 2819.4599609375 2818.68994140625 2817.60009765625 2817.010009765625 2815.300048828125 2814.85009765625 2814.590087890625 2814.10009765625 2813.64990234375 2813.02001953125 2811.969970703125 2810.6201171875 2810.389892578125 2810.3798828125 2810.18994140625 2810.050048828125 2809.9599609375 2809.949951171875 2809.580078125 2809.389892578125 2809.169921875 2808.5400390625 2808.52001953125 2808.239990234375 2807.889892578125 2807.56005859375 2807.219970703125 2807.14990234375 2807.139892578125 2806.780029296875 2805.699951171875 2805.7900390625 2805.679931640625 2805.419921875 2805.409912109375 2805.27001953125 2805.090087890625 2804.77001953125 2804.550048828125 2804.239990234375 2803.360107421875 2801.919921875 2800.889892578125 2800.5 2799.93994140625
2821.06005859375 2819.6298828125 2819.110107421875 2818.139892578125 2816.860107421875 2815.969970703125 2814.93994140625 2814.6201171875 2814.280029296875 2814.030029296875 2813.39990234375 2812.719970703125 2811.64990234375 2811.110107421875 2810.72998046875 2810.39990234375 2810.31005859375 2810.419921875 2810.199951171875 2809.860107421875 2809.570068359375 2809.419921875 2809.1201171875 2808.81005859375 2808.570068359375 2808.050048828125 2807.9599609375 2807.699951171875 2807.47998046875 2807.570068359375 2806.9599609375 2806.56005859375 2806.68994140625 2806.590087890625 2806.590087890625 2806.31005859375 2806.02001953125 2805.75 2805.68994140625 2805.2900390625 2804.7099609375 2803.9599609375 2802.27001953125 2801.699951171875 2800.780029296875 2800.159912109375
2821.27001953125 2820.300048828125 2819.169921875 2818.449951171875 2817.639892578125 2816.25 2815.010009765625 2814.77001953125 2814.530029296875 2814.139892578125 2813.7900390625 2812.840087890625 2812.14990234375 2811.7900390625 2811.419921875 2810.949951171875 2810.800048828125 2810.669921875 2810.39990234375 2809.989990234375 2809.760009765625 2809.5 2809.199951171875 2808.830078125 2808.7099609375 2808.3701171875 2808.159912109375 2808.02001953125 2807.9599609375 2808.010009765625 2807.550048828125 2807.159912109375 2807.669921875 2807.669921875 2807.429931640625 2806.989990234375 2806.840087890625 2806.6298828125 2806.199951171875 2805.85009765625 2805.2900390625 2804.080078125 2803.22998046875 2802.550048828125 2801.7900390625 2801.110107421875
2821.1201171875 2820.159912109375 2819.39990234375 2818.64990234375 2817.760009765625 2816.75 2815.419921875 2814.7099609375 2814.6201171875 2814.4599609375 2813.93994140625 2813.18994140625 2812.8798828125 2812.64990234375 2812.320068359375 2811.840087890625 2811.219970703125 2810.97998046875 2810.739990234375 2810.199951171875 2810.239990234375 2809.909912109375 2809.3798828125 2809.02001953125 2808.929931640625 2808.610107421875 2808.3798828125 2808.4599609375 2808.449951171875 2808.68994140625 2808.52001953125 2808.419921875 2808.510009765625 2808.5 2808.110107421875 2807.89990234375 2807.60009765625 2807.0400390625 2806.719970703125 2806.25 2805.39990234375 2804.60009765625 2804.02001953125 2803.469970703125 2802.93994140625 2802.159912109375
2821.699951171875 2820.389892578125 2819.469970703125 2818.580078125 2817.989990234375 2817.409912109375 2816.679931640625 2815.5 2814.9599609375 2814.780029296875 2814.389892578125 2814.050048828125 2813.489990234375 2813.280029296875 2812.780029296875 2812.449951171875 2811.949951171875 2811.39990234375 2810.800048828125 2810.4599609375 2810.1201171875 2810.139892578125 2809.72998046875 2809.43994140625 2809.239990234375 2808.929931640625 2808.739990234375 2808.8701171875 2809.0400390625 2809.419921875 2809.39990234375 2809.429931640625 2809.18994140625 2808.949951171875 2808.639892578125 2808.280029296875 2807.8798828125 2807.590087890625 2807.1201171875 2806.39990234375 2805 2804.510009765625 2804.39990234375 2804.090087890625 2803.6298828125 2803
2821.85009765625 2820.780029296875 2819.590087890625 2818.52001953125 2818.080078125 2817.60009765625 2817.02001953125 2816.080078125 2815.530029296875 2814.8798828125 2814.60009765625 2814.340087890625 2813.9599609375 2813.610107421875 2813.030029296875 2812.610107421875 2812.27001953125 2811.43994140625 2811.110107421875 2810.830078125 2810.469970703125 2810.300048828125 2809.93994140625 2809.669921875 2809.489990234375 2809.4599609375 2809.239990234375 2809.110107421875 2809.590087890625 2810 2809.89990234375 2809.8701171875 2809.77001953125 2809.56005859375 2808.989990234375 2808.590087890625 2808.449951171875 2808.02001953125 2807.449951171875 2806.6201171875 2805.489990234375 2805.219970703125 2804.949951171875 2804.320068359375 2803.7900390625 2803.39990234375
2822.090087890625 2820.39990234375 2819.429931640625 2818.7099609375 2818.02001953125 2817.64990234375 2816.969970703125 2816.1298828125 2815.43994140625 2814.97998046875 2814.60009765625 2814.360107421875 2814.169921875 2813.860107421875 2813.5 2812.77001953125 2812.280029296875 2811.830078125 2811.550048828125 2811.27001953125 2811.18994140625 2810.6201171875 2810.25 2810.320068359375 2810.2099609375 2809.77001953125 2809.68994140625 2809.8701171875 2810.3701171875 2810.489990234375 2810.360107421875 2810.199951171875 2809.97998046875 2809.7900390625 2809.43994140625 2809.219970703125 2808.969970703125 2808.52001953125 2807.75 2806.68994140625 2806.10009765625 2805.760009765625 2805.43994140625 2804.7900390625 2804.43994140625 2803.820068359375
2821.409912109375 2820.080078125 2819.5400390625 2818.949951171875 2818.3798828125 2817.550048828125 2816.760009765625 2816.02001953125 2815.179931640625 2814.989990234375 2814.77001953125 2814.610107421875 2814.580078125 2814.25 2813.8798828125 2813.320068359375 2812.719970703125 2811.919921875 2811.77001953125 2812.239990234375 2812.47998046875 2811.6298828125 2811.080078125 2810.820068359375 2810.8701171875 2811.1201171875 2810.89990234375 2811.169921875 2811.090087890625 2810.919921875 2810.840087890625 2810.570068359375 2810.260009765625 2809.969970703125 2809.840087890625 2809.6298828125 2809.449951171875 2808.989990234375 2808.280029296875 2807.81005859375 2807.31005859375 2806.800048828125 2806.219970703125 2805.4599609375 2805.070068359375 2805.06005859375
2821.2900390625 2820.60009765625 2819.719970703125 2819.06005859375 2818.679931640625 2818.050048828125 2816.889892578125 2816.239990234375 2815.60009765625 2815.25 2815.1298828125 2815.25 2814.949951171875 2814.60009765625 2814.159912109375 2813.830078125 2813.31005859375 2812.43994140625 2812.5400390625 2812.97998046875 2813.31005859375 2812.889892578125 2812.2099609375 2811.929931640625 2811.85009765625 2812 2811.89990234375 2811.7900390625 2811.580078125 2811.320068359375 2811.1298828125 2810.739990234375 2810.510009765625 2810.2900390625 2810.0400390625 2809.989990234375 2809.699951171875 2809.219970703125 2808.760009765625 2808.02001953125 2807.8798828125 2807.510009765625 2807.14990234375 2806.580078125 2805.97998046875 2805.989990234375
2821.449951171875 2820.56005859375 2819.889892578125 2819.3798828125 2818.949951171875 2818.2900390625 2817.280029296875 2816.610107421875 2816.2099609375 2815.64990234375 2815.68994140625 2815.699951171875 2815.47998046875 2815.14990234375 2814.7900390625 2814.52001953125 2814.449951171875 2813.639892578125 2813.719970703125 2813.93994140625 2813.89990234375 2813.93994140625 2813.110107421875 2812.77001953125 2812.590087890625 2812.4599609375 2812.449951171875 2812.159912109375 2811.929931640625 2811.510009765625 2811.449951171875 2811.1298828125 2810.719970703125 2810.659912109375 2810.610107421875 2810.2900390625 2809.89990234375 2809.64990234375 2809.330078125 2808.909912109375 2808.590087890625 2808.47998046875 2807.949951171875 2807.219970703125 2807.0400390625 2806.840087890625
2822.260009765625 2820.889892578125 2820.010009765625 2819.669921875 2819.2099609375 2818.22998046875 2817.8798828125 2816.699951171875 2816.27001953125 2816.43994140625 2816.449951171875 2816.050048828125 2816.10009765625 2815.9599609375 2815.419921875 2815.25 2815.050048828125 2814.719970703125 2814.830078125 2814.669921875 2814.550048828125 2814.56005859375 2814.409912109375 2813.89990234375 2813.39990234375 2813.030029296875 2812.889892578125 2812.760009765625 2812.5 2811.969970703125 2811.93994140625 2811.39990234375 2811.2900390625 2811.179931640625 2811.010009765625 2810.85009765625 2810.639892578125 2810.260009765625 2810.050048828125 2809.75 2809.409912109375 2809.070068359375 2808.8701171875 2808.330078125 2807.949951171875 2807.409912109375
