models/bassiero.asc
ncols        302
nrows        277
xllcorner    335283.000000000000
yllcorner    4718813.000000000000
cellsize     2.000000000000
NODATA_value  -9999
[rows 60 to 79 of 277, columns 46 to 91 of 302]
2667.110107421875 2665.780029296875 2664.0400390625 2661.989990234375 2660.159912109375 2658.360107421875 2656.52001953125 2655.31005859375 2653.64990234375 2653.030029296875 2652.159912109375 2650.89990234375 2650.1298828125 2649.39990234375 2649.10009765625 2648.679931640625 2648.570068359375 2648.860107421875 2648.820068359375 2648.360107421875 2647.97998046875 2648.0400390625 2647.89990234375 2647.780029296875 2647.860107421875 2648.14990234375 2648.510009765625 2648.929931640625 2649.6298828125 2650.330078125 2651.2900390625 2652.5 2653.719970703125 2655.080078125 2656.35009765625 2657.429931640625 2658.320068359375 2659.06005859375 2659.219970703125 2659.590087890625 2659.9599609375 2660.489990234375 2661.800048828125 2663.35009765625 2665.2099609375 2666.8798828125
2667.929931640625 2666.0400390625 2664.419921875 2662.18994140625 2660.60009765625 2658.800048828125 2657.080078125 2655.580078125 2654.860107421875 2654.510009765625 2653.699951171875 2652.639892578125 2651.449951171875 2650.85009765625 2650.27001953125 2649.780029296875 2649.7900390625 2650.06005859375 2649.969970703125 2649.469970703125 2648.800048828125 2648.8701171875 2648.4599609375 2648.699951171875 2648.610107421875 2648.93994140625 2649.06005859375 2649.6201171875 2650.090087890625 2650.679931640625 2651.52001953125 2652.739990234375 2653.929931640625 2655.35009765625 2656.64990234375 2657.739990234375 2658.570068359375 2659.760009765625 2660.419921875 2660.93994140625 2661.2900390625 2661.4599609375 2662.18994140625 2663.340087890625 2664.909912109375 2666.639892578125
2670.5400390625 2668.679931640625 2664.820068359375 2662.840087890625 2660.989990234375 2659.239990234375 2657.800048828125 2656.7900390625 2656.2900390625 2655.969970703125 2655 2653.929931640625 2652.8798828125 2651.93994140625 2651.449951171875 2651.239990234375 2651.14990234375 2651.199951171875 2651.25 2650.610107421875 2649.919921875 2649.570068359375 2649.199951171875 2649.429931640625 2649.320068359375 2649.60009765625 2649.7900390625 2650.2900390625 2650.7900390625 2651.25 2651.919921875 2652.72998046875 2654.260009765625 2655.639892578125 2657.06005859375 2658.1201171875 2658.919921875 2660.02001953125 2661.3701171875 2662.2900390625 2662.56005859375 2662.72998046875 2663.1201171875 2663.860107421875 2665 2666.489990234375
2674.780029296875 2673.840087890625 2668.169921875 2665.080078125 2661.800048828125 2660.639892578125 2659.510009765625 2658.760009765625 2657.989990234375 2657.010009765625 2656.2900390625 2655.31005859375 2654.1201171875 2653.2900390625 2652.739990234375 2652.679931640625 2652.530029296875 2652.580078125 2652.570068359375 2651.929931640625 2651.010009765625 2650.489990234375 2650.0400390625 2649.909912109375 2650.139892578125 2650.260009765625 2650.52001953125 2650.93994140625 2651.3798828125 2651.909912109375 2652.7099609375 2653.39990234375 2654.6201171875 2655.820068359375 2657.169921875 2658.39990234375 2659.5 2660.830078125 2662.0400390625 2662.97998046875 2663.469970703125 2663.760009765625 2664.489990234375 2665.070068359375 2665.780029296875 2666.949951171875
2676.75 2677.39990234375 2680.320068359375 2677.8798828125 2669.530029296875 2660.81005859375 2660.550048828125 2660.320068359375 2659.820068359375 2658.6201171875 2657.68994140625 2656.47998046875 2655.389892578125 2654.830078125 2654.10009765625 2654.22998046875 2654.22998046875 2654.14990234375 2653.780029296875 2653.179931640625 2652.320068359375 2651.530029296875 2651.06005859375 2650.909912109375 2651.1298828125 2651.1201171875 2651.320068359375 2651.659912109375 2652.280029296875 2652.659912109375 2653.300048828125 2653.989990234375 2654.840087890625 2655.9599609375 2657.3798828125 2658.469970703125 2659.889892578125 2661.159912109375 2662.510009765625 2663.4599609375 2664.300048828125 2664.93994140625 2665.7099609375 2666.25 2667.14990234375 2667.580078125
2680.610107421875 2681.070068359375 2685.260009765625 2684.300048828125 2681.1298828125 2683.43994140625 2683.360107421875 2676.389892578125 2661.9599609375 2660.1201171875 2658.97998046875 2657.820068359375 2656.580078125 2656.580078125 2656.10009765625 2655.97998046875 2655.760009765625 2655.7900390625 2655 2654.510009765625 2653.510009765625 2652.550048828125 2652 2651.919921875 2651.889892578125 2652.02001953125 2652.239990234375 2652.679931640625 2653.030029296875 2653.530029296875 2654.169921875 2654.7099609375 2655.4599609375 2656.280029296875 2657.5400390625 2658.610107421875 2659.889892578125 2661.1298828125 2662.489990234375 2663.590087890625 2665.06005859375 2666.0400390625 2666.830078125 2667.5 2668.260009765625 2668.929931640625
2682.5400390625 2685.1298828125 2686.93994140625 2685.8701171875 2685.010009765625 2685.219970703125 2684.7900390625 2683.77001953125 2675.909912109375 2661.360107421875 2660.030029296875 2658.760009765625 2658.090087890625 2658.02001953125 2658 2657.840087890625 2657.429931640625 2657.110107421875 2656.489990234375 2655.85009765625 2654.590087890625 2653.6298828125 2653.25 2652.909912109375 2653.0400390625 2653.22998046875 2653.43994140625 2653.780029296875 2653.97998046875 2654.52001953125 2654.969970703125 2655.56005859375 2656.449951171875 2657.239990234375 2658.02001953125 2658.739990234375 2659.64990234375 2660.7099609375 2662.219970703125 2663.679931640625 2665.35009765625 2666.7900390625 2667.929931640625 2668.669921875 2669.3701171875 2669.969970703125
2690.699951171875 2691.14990234375 2689.719970703125 2687.280029296875 2686.739990234375 2686.35009765625 2685.52001953125 2683.93994140625 2674.9599609375 2663.3798828125 2663.239990234375 2662 2659.7099609375 2659.840087890625 2659.719970703125 2659.4599609375 2659.14990234375 2658.43994140625 2657.89990234375 2657.18994140625 2655.6201171875 2654.85009765625 2654.52001953125 2654.280029296875 2654.56005859375 2654.780029296875 2654.800048828125 2654.929931640625 2655.199951171875 2655.419921875 2656.090087890625 2656.590087890625 2657.3701171875 2658.0400390625 2659.030029296875 2659.510009765625 2660.080078125 2660.72998046875 2662.31005859375 2663.860107421875 2665.39990234375 2666.929931640625 2668.489990234375 2669.47998046875 2670.340087890625 2671.0400390625
2697 2695.280029296875 2690.239990234375 2688.300048828125 2688.239990234375 2687.52001953125 2686.219970703125 2684.72998046875 2679.7900390625 2667.320068359375 2667.419921875 2666.360107421875 2663.22998046875 2661.4599609375 2661.3798828125 2660.929931640625 2660.389892578125 2659.77001953125 2658.97998046875 2658.010009765625 2657.070068359375 2656.31005859375 2655.909912109375 2655.81005859375 2656.300048828125 2656.22998046875 2656.10009765625 2656.199951171875 2656.510009765625 2656.719970703125 2657.139892578125 2657.75 2658.449951171875 2659.35009765625 2659.860107421875 2660.60009765625 2660.830078125 2661.429931640625 2662.3701171875 2663.909912109375 2665.31005859375 2666.929931640625 2668.60009765625 2669.89990234375 2670.949951171875 2671.760009765625
2698.570068359375 2697.909912109375 2695.840087890625 2689.56005859375 2689.330078125 2688.610107421875 2687.280029296875 2686.85009765625 2675.97998046875 2670.719970703125 2670.429931640625 2669.989990234375 2666.39990234375 2663.6298828125 2662.97998046875 2662.330078125 2661.719970703125 2661.06005859375 2660.2099609375 2659.330078125 2658.260009765625 2658.0400390625 2657.580078125 2657.77001953125 2657.669921875 2657.7099609375 2658.39990234375 2657.77001953125 2657.830078125 2658.1298828125 2658.530029296875 2659.02001953125 2659.820068359375 2660.699951171875 2661.1201171875 2661.570068359375 2661.840087890625 2662.320068359375 2663.10009765625 2664.1201171875 2665.43994140625 2666.840087890625 2668.330078125 2670.02001953125 2671.429931640625 2672.60009765625
2699.719970703125 2698.889892578125 2697.699951171875 2693.639892578125 2692.02001953125 2690.780029296875 2690.469970703125 2688.7099609375 2680.110107421875 2672.5 2671.6298828125 2671.27001953125 2668.159912109375 2665.72998046875 2664.89990234375 2663.89990234375 2663.199951171875 2662.469970703125 2661.530029296875 2661.419921875 2662.389892578125 2661.800048828125 2661.27001953125 2662.669921875 2663.219970703125 2663.159912109375 2662.77001953125 2662.06005859375 2660.949951171875 2660.06005859375 2660.360107421875 2660.860107421875 2661.389892578125 2662.169921875 2662.800048828125 2664.27001953125 2664.85009765625 2665.77001953125 2664.93994140625 2665.080078125 2665.85009765625 2666.949951171875 2668.389892578125 2670.0400390625 2671.5 2673.18994140625
2700.080078125 2700.10009765625 2696.780029296875 2695.31005859375 2695.139892578125 2694.050048828125 2693.169921875 2690.7099609375 2685.3701171875 2673.97998046875 2673.31005859375 2672.719970703125 2671.25 2667.449951171875 2666.530029296875 2665.449951171875 2664.580078125 2663.949951171875 2666.2900390625 2668.25 2667.510009765625 2666.389892578125 2667.219970703125 2669.110107421875 2669.969970703125 2670.2099609375 2668.409912109375 2666.159912109375 2664 2663.35009765625 2663.739990234375 2664.300048828125 2664.449951171875 2665.090087890625 2665.1201171875 2667.97998046875 2670.2099609375 2669.02001953125 2668.030029296875 2667.60009765625 2667.3701171875 2667.739990234375 2668.7099609375 2670.409912109375 2671.820068359375 2673.3701171875
2701.889892578125 2701.169921875 2699.2099609375 2696.72998046875 2696.280029296875 2695.47998046875 2694.27001953125 2692.25 2681.239990234375 2678.25 2677.360107421875 2676.02001953125 2673.449951171875 2669.699951171875 2667.909912109375 2666.72998046875 2665.97998046875 2665.3701171875 2665.909912109375 2669.550048828125 2670.8798828125 2670.06005859375 2672.550048828125 2674.860107421875 2675.52001953125 2674.820068359375 2673.639892578125 2670.52001953125 2668.0400390625 2668.22998046875 2668.260009765625 2668.550048828125 2668.27001953125 2668.56005859375 2668.10009765625 2669.97998046875 2674.169921875 2673.5 2672.81005859375 2671.419921875 2671.699951171875 2671.159912109375 2670.110107421875 2671.43994140625 2672.949951171875 2674.64990234375
2702.949951171875 2702.02001953125 2700.530029296875 2697.840087890625 2697.27001953125 2696.97998046875 2696.1201171875 2692.14990234375 2685.39990234375 2681.699951171875 2680.39990234375 2677.320068359375 2674.610107421875 2670.7900390625 2669.260009765625 2668.22998046875 2667.580078125 2667.179931640625 2667.2900390625 2670.39990234375 2672.360107421875 2673.7900390625 2675.330078125 2676.25 2676.780029296875 2676.760009765625 2676.2900390625 2673.4599609375 2672.030029296875 2674.909912109375 2675.080078125 2674.800048828125 2675.43994140625 2674.7900390625 2674.050048828125 2675.659912109375 2677.97998046875 2678.199951171875 2677.320068359375 2675.659912109375 2675.610107421875 2674.409912109375 2672.6201171875 2673.409912109375 2674.969970703125 2677.10009765625
2706.8701171875 2703.570068359375 2700.6298828125 2699.010009765625 2698.25 2698.110107421875 2697.85009765625 2697.9599609375 2693.449951171875 2685.679931640625 2683.6298828125 2680.2099609375 2675.530029296875 2672.139892578125 2670.800048828125 2669.72998046875 2669.22998046875 2670.1201171875 2671.25 2672.780029296875 2674.0400390625 2675.800048828125 2676.97998046875 2677.280029296875 2677.919921875 2678.590087890625 2678.9599609375 2677.179931640625 2676.93994140625 2680.110107421875 2681.8701171875 2681.469970703125 2680.39990234375 2679.659912109375 2678.68994140625 2681.610107421875 2682.43994140625 2682.739990234375 2681.1201171875 2679.31005859375 2678.389892578125 2676.820068359375 2675.97998046875 2676.949951171875 2678.14990234375 2679.81005859375
2708.239990234375 2707.27001953125 2702.429931640625 2700.719970703125 2699.780029296875 2699.27001953125 2698.31005859375 2698.3701171875 2698.14990234375 2691.550048828125 2688.22998046875 2685.47998046875 2676.469970703125 2674.080078125 2672.760009765625 2671.360107421875 2671.449951171875 2672.260009765625 2674.260009765625 2675.739990234375 2677.419921875 2677.639892578125 2679.77001953125 2679.97998046875 2680.489990234375 2681.52001953125 2682.179931640625 2681.52001953125 2681.840087890625 2684.179931640625 2685.909912109375 2685.8701171875 2684.6201171875 2683.0400390625 2682.679931640625 2683.919921875 2684.739990234375 2684.360107421875 2684.8701171875 2684.14990234375 2682.77001953125 2680.2099609375 2679.300048828125 2680.169921875 2681.820068359375 2682.159912109375
2708.85009765625 2708.159912109375 2705.77001953125 2703.68994140625 2702.889892578125 2702.2900390625 2701.27001953125 2700.760009765625 2698.070068359375 2691.81005859375 2688.97998046875 2681.75 2678.22998046875 2677.179931640625 2676.820068359375 2677.85009765625 2678.2099609375 2675.409912109375 2676.639892578125 2678.25 2680.830078125 2683.030029296875 2682.56005859375 2682.919921875 2684.06005859375 2684.27001953125 2684.840087890625 2684.77001953125 2685.699951171875 2687.169921875 2687.97998046875 2687.830078125 2687.43994140625 2686.429931640625 2685.60009765625 2685.75 2685.780029296875 2685.75 2686.610107421875 2687.570068359375 2687.5 2684.97998046875 2683.68994140625 2684.389892578125 2684.56005859375 2685.0400390625
2710.47998046875 2709.409912109375 2709.1298828125 2708.610107421875 2706.469970703125 2703.81005859375 2703.530029296875 2702.409912109375 2694.85009765625 2686.77001953125 2685.530029296875 2685.27001953125 2685.18994140625 2686.2099609375 2686.010009765625 2684.800048828125 2682.280029296875 2680.590087890625 2678.300048828125 2680.909912109375 2683.989990234375 2685.989990234375 2686.590087890625 2686.31005859375 2686.300048828125 2686.429931640625 2687.39990234375 2687.3798828125 2687.580078125 2687.93994140625 2688.77001953125 2688.780029296875 2688.47998046875 2687.97998046875 2687.360107421875 2687.320068359375 2687.02001953125 2687.330078125 2688.419921875 2689.659912109375 2689.449951171875 2688.3798828125 2687.610107421875 2687.830078125 2687.989990234375 2688.1201171875
2715.18994140625 2711.050048828125 2711 2711.219970703125 2709.2099609375 2706.050048828125 2705.639892578125 2702.7900390625 2698.860107421875 2688.800048828125 2692.929931640625 2692.2099609375 2694.699951171875 2692.969970703125 2690.60009765625 2689.469970703125 2686.659912109375 2685.260009765625 2682.179931640625 2684 2686.699951171875 2689.06005859375 2689.030029296875 2688.929931640625 2688.929931640625 2688.5 2688.9599609375 2689.260009765625 2689.47998046875 2689.840087890625 2689.820068359375 2689.889892578125 2689.550048828125 2689.179931640625 2689.030029296875 2689.090087890625 2688.840087890625 2689.820068359375 2690.219970703125 2690.570068359375 2690.7900390625 2690.39990234375 2690.590087890625 2690.699951171875 2690.77001953125 2692.239990234375
2718.7900390625 2716.169921875 2714.18994140625 2714.580078125 2713.570068359375 2708.489990234375 2708.010009765625 2703.14990234375 2699.0400390625 2698.4599609375 2700.18994140625 2700.3701171875 2701.300048828125 2698.7099609375 2695.030029296875 2691.860107421875 2690.02001953125 2689.5400390625 2687.06005859375 2686.159912109375 2688.330078125 2690.169921875 2691.3798828125 2691.89990234375 2691.739990234375 2691.550048828125 2690.8798828125 2691.2099609375 2691.2900390625 2691.68994140625 2691.3701171875 2691.06005859375 2690.60009765625 2690.3701171875 2690.489990234375 2690.820068359375 2691.419921875 2691.889892578125 2691.719970703125 2692.239990234375 2692.5400390625 2692.669921875 2692.320068359375 2692.31005859375 2692.800048828125 2693.10009765625
