models/punta-alta.asc
ncols        533
nrows        465
xllcorner    325497.000000000000
yllcorner    4716477.000000000000
cellsize     2.000000000000
NODATA_value  -9999
[rows 160 to 179 of 465, columns 138 to 183 of 533]
2785.429931640625 2788.090087890625 2791.429931640625 2792.60009765625 2793.330078125 2795.97998046875 2799.070068359375 2802.1201171875 2804.81005859375 2807.5 2811.889892578125 2814.030029296875 2816.06005859375 2818.489990234375 2818.7900390625 2816.75 2816.35009765625 2815.429931640625 2815.52001953125 2815.679931640625 2814.820068359375 2813.75 2815.43994140625 2816.860107421875 2819.489990234375 2820.830078125 2821.68994140625 2821.570068359375 2821.239990234375 2819.02001953125 2818.949951171875 2820.1298828125 2820.81005859375 2820.780029296875 2820.4599609375 2822.89990234375 2825.25 2826.52001953125 2827.18994140625 2830.260009765625 2832.590087890625 2834.7900390625 2836.330078125 2837.590087890625 2839.60009765625 2840.820068359375
2788.22998046875 2791.159912109375 2793.919921875 2794.280029296875 2795.14990234375 2797.2900390625 2801.419921875 2803.39990234375 2805.75 2808.949951171875 2812.22998046875 2815.110107421875 2817.1298828125 2821.169921875 2820.260009765625 2818.2099609375 2818.72998046875 2818.489990234375 2817.81005859375 2817.97998046875 2818.64990234375 2817.6201171875 2817.169921875 2818.68994140625 2820.97998046875 2823.18994140625 2823.75 2823.6201171875 2822.7099609375 2821.550048828125 2820.719970703125 2822.06005859375 2823.169921875 2823.860107421875 2823.010009765625 2823.6298828125 2825.27001953125 2826.679931640625 2828.330078125 2830.97998046875 2833.909912109375 2836.239990234375 2837.68994140625 2838.840087890625 2840.840087890625 2842.56005859375
2790.75 2792.7099609375 2795.64990234375 2797.06005859375 2796.840087890625 2798.330078125 2800.56005859375 2804.1201171875 2806.7099609375 2809.8798828125 2813.360107421875 2816.159912109375 2818.969970703125 2821.06005859375 2821.31005859375 2819.68994140625 2821.56005859375 2821.199951171875 2820.2900390625 2820.7099609375 2821.85009765625 2820.389892578125 2818.43994140625 2820.72998046875 2823.9599609375 2825.909912109375 2825.830078125 2825.64990234375 2825.18994140625 2823.989990234375 2822.580078125 2823.429931640625 2824.64990234375 2825.260009765625 2826.3701171875 2825.5 2826.39990234375 2827.47998046875 2829.090087890625 2832.050048828125 2833.739990234375 2836.72998046875 2839.10009765625 2840.510009765625 2842.10009765625 2844.06005859375
2790.719970703125 2793.820068359375 2796.840087890625 2798.760009765625 2799.97998046875 2801 2802.570068359375 2805.14990234375 2808.89990234375 2811.469970703125 2814.8701171875 2816.77001953125 2821.5 2823.64990234375 2823.530029296875 2822.10009765625 2823.25 2824.14990234375 2822.72998046875 2822.320068359375 2824.330078125 2823.320068359375 2820.739990234375 2823.050048828125 2825.919921875 2828.760009765625 2828.830078125 2828.659912109375 2827.6298828125 2825.989990234375 2825.18994140625 2825.219970703125 2826.159912109375 2827.320068359375 2827.9599609375 2827.43994140625 2827.550048828125 2828.669921875 2829.659912109375 2831.9599609375 2834.56005859375 2836.97998046875 2839.570068359375 2841.449951171875 2843.070068359375 2844.5
2790.530029296875 2794.3701171875 2798.389892578125 2799.719970703125 2801.389892578125 2803.93994140625 2805.10009765625 2807.31005859375 2809.610107421875 2811.75 2815.14990234375 2818.800048828125 2825.2900390625 2828.260009765625 2826.2099609375 2825.199951171875 2825.9599609375 2826.260009765625 2825.300048828125 2824.050048828125 2826.0400390625 2825.75 2822.590087890625 2825.239990234375 2827.0400390625 2830.7099609375 2831.6298828125 2830.760009765625 2829.949951171875 2828.110107421875 2827.6201171875 2827.14990234375 2827.389892578125 2828.760009765625 2829.389892578125 2829.64990234375 2829.300048828125 2829.97998046875 2830.6298828125 2832.780029296875 2834.93994140625 2837 2839.760009765625 2841.7099609375 2843.360107421875 2845.1201171875
2791.14990234375 2793.969970703125 2797.580078125 2799.35009765625 2801.219970703125 2803.929931640625 2806.4599609375 2809.409912109375 2812.52001953125 2814.27001953125 2817.179931640625 2821.909912109375 2828.699951171875 2829.889892578125 2829.5400390625 2828.550048828125 2828.97998046875 2828.1298828125 2827.7099609375 2826.5400390625 2827.610107421875 2828.010009765625 2826.3798828125 2826.8798828125 2827.89990234375 2830.219970703125 2831.780029296875 2832.510009765625 2831.89990234375 2831.2900390625 2829.969970703125 2828.639892578125 2828.60009765625 2831.080078125 2830.830078125 2831.2099609375 2831.85009765625 2833.10009765625 2831.530029296875 2833.3701171875 2835.699951171875 2837.739990234375 2839.760009765625 2842.030029296875 2843.56005859375 2845.199951171875
2792.260009765625 2794.830078125 2798.510009765625 2799.89990234375 2802.929931640625 2805.02001953125 2806.669921875 2811.800048828125 2815.280029296875 2817 2819.18994140625 2825.47998046875 2830.47998046875 2832.050048828125 2831.179931640625 2831.389892578125 2831.7900390625 2830.60009765625 2830.219970703125 2828.9599609375 2829.81005859375 2830.6201171875 2829.77001953125 2828.4599609375 2829.219970703125 2830.679931640625 2832.89990234375 2834.570068359375 2833.60009765625 2832.85009765625 2832.22998046875 2830.02001953125 2831.47998046875 2832.39990234375 2833.580078125 2834.050048828125 2833.7900390625 2834.300048828125 2834.429931640625 2834.81005859375 2836.18994140625 2838.110107421875 2840.010009765625 2841.489990234375 2843.9599609375 2845.3701171875
2794.080078125 2795.590087890625 2797.8701171875 2799.43994140625 2801.85009765625 2803.110107421875 2806.080078125 2811.659912109375 2816.64990234375 2819 2820.6298828125 2827.22998046875 2830.550048828125 2833.739990234375 2833.2099609375 2833.3701171875 2835.780029296875 2834.239990234375 2833.050048828125 2831.330078125 2831.68994140625 2832.2099609375 2831.030029296875 2829.72998046875 2830.93994140625 2832.1201171875 2834.280029296875 2836.080078125 2836.530029296875 2834.889892578125 2834.1298828125 2832.389892578125 2832.860107421875 2834.60009765625 2835.409912109375 2836.77001953125 2836.300048828125 2836.330078125 2837.659912109375 2836.699951171875 2837.219970703125 2838.77001953125 2840.510009765625 2842.320068359375 2845.050048828125 2846.719970703125
2793.510009765625 2794.949951171875 2796.739990234375 2798.090087890625 2799.39990234375 2800.93994140625 2805.330078125 2812.330078125 2817.77001953125 2821.340087890625 2822.580078125 2826.550048828125 2830.72998046875 2833.179931640625 2835.760009765625 2835.840087890625 2837.8798828125 2837.679931640625 2835.530029296875 2833.4599609375 2833.919921875 2833.72998046875 2832.64990234375 2831.56005859375 2831.889892578125 2833.7900390625 2836.389892578125 2837.929931640625 2837.719970703125 2836.75 2835.75 2834.72998046875 2835.300048828125 2836.889892578125 2837.68994140625 2838.530029296875 2838.18994140625 2838.070068359375 2839.14990234375 2839.169921875 2838.530029296875 2839.320068359375 2841.010009765625 2843.4599609375 2846.280029296875 2848.260009765625
2792.219970703125 2792.800048828125 2795.2900390625 2797.06005859375 2798.1201171875 2799.639892578125 2803.469970703125 2813.85009765625 2819.159912109375 2823.260009765625 2825.820068359375 2829.25 2832.889892578125 2834.139892578125 2837.239990234375 2838.800048828125 2839.449951171875 2839.510009765625 2838.260009765625 2836.860107421875 2836.39990234375 2835.360107421875 2835.06005859375 2834.1298828125 2834.43994140625 2835.860107421875 2837.4599609375 2838.530029296875 2838.239990234375 2837.780029296875 2837.31005859375 2836.669921875 2837.830078125 2838.570068359375 2839.139892578125 2840.080078125 2840.8701171875 2840.75 2841.419921875 2841.469970703125 2841.409912109375 2840.840087890625 2841.85009765625 2844.39990234375 2846.9599609375 2848.77001953125
2789.39990234375 2790.469970703125 2792.239990234375 2795.800048828125 2797.18994140625 2798.31005859375 2802.989990234375 2814.050048828125 2819.489990234375 2825.419921875 2828.830078125 2834.68994140625 2836.449951171875 2837.239990234375 2839.360107421875 2840.570068359375 2841.159912109375 2841.449951171875 2840.280029296875 2839.6298828125 2839.3798828125 2838.77001953125 2838.3701171875 2836.39990234375 2836.179931640625 2837.449951171875 2838.8798828125 2839.8701171875 2840.760009765625 2839.830078125 2838.9599609375 2839.139892578125 2839.360107421875 2839.4599609375 2840.830078125 2842.39990234375 2843.090087890625 2843.239990234375 2843.1298828125 2842.929931640625 2843.179931640625 2842.9599609375 2842.7900390625 2844.929931640625 2847.949951171875 2849.330078125
2787.949951171875 2788.739990234375 2789.800048828125 2794.429931640625 2795.72998046875 2798.02001953125 2802.889892578125 2813.31005859375 2820.52001953125 2827.110107421875 2834 2837.56005859375 2838.659912109375 2839.260009765625 2840.699951171875 2842.39990234375 2843.31005859375 2843.0400390625 2841.989990234375 2841.5 2840.929931640625 2840.929931640625 2839.469970703125 2839.610107421875 2838.06005859375 2838.639892578125 2839.8701171875 2841.4599609375 2844.199951171875 2842.93994140625 2842.1298828125 2841.030029296875 2840.780029296875 2841.580078125 2842.89990234375 2844.1201171875 2845.2900390625 2844.909912109375 2844.989990234375 2845.4599609375 2845.510009765625 2845.35009765625 2845.580078125 2846.18994140625 2848.010009765625 2849.550048828125
2785.929931640625 2787.669921875 2789.419921875 2791.60009765625 2794.449951171875 2798.1201171875 2803.320068359375 2814.419921875 2820.699951171875 2828.3798828125 2834.6201171875 2839.2099609375 2839.909912109375 2840.97998046875 2843.10009765625 2844.449951171875 2845.320068359375 2844.85009765625 2844.1298828125 2843.3701171875 2843.219970703125 2842.510009765625 2841.469970703125 2840.510009765625 2839.820068359375 2840.679931640625 2842.639892578125 2843.929931640625 2846.27001953125 2846.39990234375 2845.22998046875 2843.909912109375 2842.320068359375 2843.1201171875 2844.570068359375 2845.39990234375 2846.840087890625 2847.090087890625 2846.7099609375 2847.1298828125 2847.360107421875 2847.580078125 2847.429931640625 2847.72998046875 2848.6201171875 2850.409912109375
2784.419921875 2787.6201171875 2789.030029296875 2789.280029296875 2793.330078125 2796.81005859375 2801.919921875 2812.85009765625 2818.85009765625 2825 2833.60009765625 2837.580078125 2839.219970703125 2841.3798828125 2842.39990234375 2846.2900390625 2847.449951171875 2847.449951171875 2846.280029296875 2846.830078125 2845.06005859375 2845.159912109375 2844.110107421875 2842.969970703125 2842.2900390625 2842.860107421875 2844.75 2847.18994140625 2849.530029296875 2849.280029296875 2847.4599609375 2846.739990234375 2845.43994140625 2845.25 2846.320068359375 2847.330078125 2848.56005859375 2848.820068359375 2848.8701171875 2848.860107421875 2849.199951171875 2849.77001953125 2849.97998046875 2849.909912109375 2850.06005859375 2851.14990234375
2783.610107421875 2787.719970703125 2787.780029296875 2787.8701171875 2792.06005859375 2794.7900390625 2799.4599609375 2810.820068359375 2816.780029296875 2826.0400390625 2833.179931640625 2835.659912109375 2837.5 2839.8701171875 2841.389892578125 2846.39990234375 2848.0400390625 2849.22998046875 2849.300048828125 2849.3798828125 2848.739990234375 2848.330078125 2847.780029296875 2845.35009765625 2846.330078125 2846.72998046875 2847.360107421875 2850.219970703125 2851.699951171875 2851.77001953125 2849.320068359375 2848.669921875 2847.909912109375 2846.949951171875 2847.739990234375 2848.949951171875 2849.969970703125 2851.030029296875 2851.320068359375 2851.139892578125 2852.080078125 2852.330078125 2852.1298828125 2852.9599609375 2852.780029296875 2853.070068359375
2784.72998046875 2785.080078125 2785.85009765625 2786.659912109375 2790.929931640625 2793.5 2798.47998046875 2805.800048828125 2814.860107421875 2823.56005859375 2829.090087890625 2831.840087890625 2835.800048828125 2839.090087890625 2840.429931640625 2846.2099609375 2848.989990234375 2850.550048828125 2851.75 2851.60009765625 2851.280029296875 2850.419921875 2851.159912109375 2847.889892578125 2848.5400390625 2849.780029296875 2850.260009765625 2852.52001953125 2853.43994140625 2852.830078125 2851.14990234375 2850.25 2849.989990234375 2848.780029296875 2849.6201171875 2851 2852.239990234375 2852.93994140625 2853.47998046875 2853.340087890625 2854.10009765625 2854.64990234375 2855.6298828125 2854.919921875 2855.419921875 2855.449951171875
2782.14990234375 2783.6201171875 2784.75 2785.679931640625 2789.300048828125 2792.159912109375 2798.2099609375 2801.77001953125 2814.64990234375 2820.610107421875 2825.72998046875 2827.31005859375 2831.31005859375 2837.719970703125 2840.25 2846.510009765625 2849.1298828125 2851.360107421875 2853.080078125 2854.169921875 2853.4599609375 2852.590087890625 2853.0400390625 2850.659912109375 2850.530029296875 2852.18994140625 2852.97998046875 2854.449951171875 2855.2900390625 2854.570068359375 2853.699951171875 2852.699951171875 2851.9599609375 2850.5400390625 2851.969970703125 2853.1298828125 2854.010009765625 2854.89990234375 2855.02001953125 2855.280029296875 2855.6298828125 2856.389892578125 2856.7099609375 2857.02001953125 2857.1201171875 2857.22998046875
2780.530029296875 2782.860107421875 2783.840087890625 2785.080078125 2787.39990234375 2788.89990234375 2794.85009765625 2797.7900390625 2812.010009765625 2819.5400390625 2821.5 2824.570068359375 2829.47998046875 2835.840087890625 2840.360107421875 2842.93994140625 2846.06005859375 2849.25 2852.639892578125 2854.669921875 2855.300048828125 2855.610107421875 2854.719970703125 2854.409912109375 2853.27001953125 2853.97998046875 2855.469970703125 2857.89990234375 2858.239990234375 2857.320068359375 2856.840087890625 2855.43994140625 2855.06005859375 2854.389892578125 2854.330078125 2854.830078125 2855.31005859375 2855.889892578125 2856.169921875 2856.550048828125 2856.969970703125 2857.72998046875 2857.64990234375 2858.530029296875 2858.8798828125 2859.3701171875
2779.570068359375 2781.699951171875 2783.550048828125 2785.10009765625 2786.429931640625 2787.659912109375 2791.22998046875 2794.31005859375 2804.659912109375 2817.659912109375 2820.469970703125 2821.8798828125 2827.43994140625 2835.8798828125 2839.550048828125 2841.6201171875 2845.090087890625 2848.2900390625 2851.169921875 2857.10009765625 2858.39990234375 2858.22998046875 2857.590087890625 2856.75 2856.320068359375 2856.409912109375 2858.2900390625 2860.489990234375 2860.56005859375 2860.449951171875 2859.47998046875 2858.199951171875 2858 2856.489990234375 2855.909912109375 2856.699951171875 2858.139892578125 2858.320068359375 2858.8701171875 2858.97998046875 2859.239990234375 2859.43994140625 2860.219970703125 2860.780029296875 2861.1298828125 2861
2779.330078125 2781.14990234375 2783.4599609375 2785.070068359375 2786.4599609375 2787.8798828125 2789.909912109375 2793.320068359375 2802.77001953125 2816.280029296875 2819.070068359375 2821.3798828125 2829.6201171875 2833.469970703125 2838.8798828125 2843.330078125 2846.080078125 2848.699951171875 2851.77001953125 2855.93994140625 2861.780029296875 2862.1201171875 2860.81005859375 2859.22998046875 2858.320068359375 2858.47998046875 2860.760009765625 2861.800048828125 2863.090087890625 2863.080078125 2861.989990234375 2861.419921875 2860.8701171875 2859.489990234375 2857.830078125 2858.9599609375 2859.64990234375 2860.31005859375 2860.97998046875 2861.010009765625 2861.389892578125 2861.300048828125 2861.75 2862.330078125 2862.77001953125 2863.510009765625
