models/punta-alta.asc
ncols        533
nrows        465
xllcorner    325497.000000000000
yllcorner    4716477.000000000000
cellsize     2.000000000000
NODATA_value  -9999
[rows 220 to 239 of 465, columns 276 to 321 of 533]
3000.889892578125 3001.929931640625 3001.330078125 3001.47998046875 3001.760009765625 3002.3701171875 3001.669921875 3001.570068359375 3001.550048828125 3002.169921875 3001.669921875 2999.929931640625 2998.22998046875 2996.489990234375 2994.60009765625 2993.510009765625 2992.389892578125 2991.3701171875 2989.7900390625 2988.81005859375 2987.590087890625 2986.60009765625 2985.2099609375 2984.300048828125 2983.39990234375 2982.6298828125 2982.320068359375 2981.699951171875 2980.68994140625 2979.35009765625 2978.10009765625 2977.510009765625 2976.050048828125 2974.47998046875 2973 2971.5400390625 2970.22998046875 2968.97998046875 2967.300048828125 2965.300048828125 2963.159912109375 2961.64990234375 2959.27001953125 2957.06005859375 2953.659912109375 2949.949951171875
2998.780029296875 2999.090087890625 2999.510009765625 2999.199951171875 2998.860107421875 2998.68994140625 2997.6298828125 2998.77001953125 2999.75 2998.929931640625 2998.679931640625 2997.47998046875 2996.97998046875 2995.679931640625 2993.889892578125 2992.050048828125 2990.739990234375 2989.3701171875 2988.0400390625 2987.510009765625 2986.070068359375 2984.830078125 2983.669921875 2982.429931640625 2981.530029296875 2980.330078125 2979.090087890625 2978.510009765625 2977.489990234375 2976.840087890625 2976.3798828125 2975.75 2974.31005859375 2973.320068359375 2972.110107421875 2970.7900390625 2969.22998046875 2967.43994140625 2966.35009765625 2964.739990234375 2962.610107421875 2961.070068359375 2958.919921875 2956.239990234375 2953.030029296875 2950.739990234375
2996.68994140625 2997.590087890625 2997.550048828125 2996.3798828125 2995.280029296875 2995.610107421875 2996.1201171875 2996.550048828125 2995.89990234375 2994.969970703125 2994.64990234375 2995.1201171875 2995.64990234375 2993.840087890625 2992.080078125 2990.449951171875 2989.14990234375 2987.830078125 2986.679931640625 2985.699951171875 2984.43994140625 2982.02001953125 2980.669921875 2980.280029296875 2979.330078125 2977.97998046875 2976.27001953125 2976.030029296875 2975.47998046875 2974.72998046875 2974.510009765625 2973.97998046875 2972.840087890625 2972.1298828125 2970.989990234375 2969.8701171875 2968.1201171875 2965.659912109375 2964.820068359375 2963.820068359375 2961.8701171875 2959.989990234375 2957.840087890625 2955.8701171875 2953.760009765625 2951.14990234375
2993.199951171875 2994.8798828125 2994.7900390625 2993.919921875 2993.590087890625 2993.330078125 2992.60009765625 2992.89990234375 2991.6201171875 2990.7099609375 2991.669921875 2992.72998046875 2992.489990234375 2992.409912109375 2990.93994140625 2988.909912109375 2987.72998046875 2986.27001953125 2985.199951171875 2983.56005859375 2982.800048828125 2980.81005859375 2979.27001953125 2978.35009765625 2977.43994140625 2975.699951171875 2974.429931640625 2973.489990234375 2973.080078125 2972.89990234375 2972.909912109375 2972.419921875 2971.719970703125 2970.93994140625 2969.949951171875 2968.639892578125 2966.8701171875 2964.64990234375 2963.139892578125 2962.18994140625 2960.60009765625 2958.469970703125 2957.030029296875 2955.219970703125 2954.169921875 2952.300048828125
2991.4599609375 2993.18994140625 2993.110107421875 2992.409912109375 2991.300048828125 2989.25 2988.949951171875 2989.110107421875 2988.5 2988.909912109375 2989.780029296875 2990.530029296875 2990.469970703125 2990.5400390625 2989.320068359375 2987.699951171875 2986.77001953125 2985.81005859375 2984.030029296875 2981.929931640625 2980.2900390625 2978.840087890625 2977.77001953125 2976.419921875 2974.449951171875 2973.239990234375 2972.330078125 2971.60009765625 2971.22998046875 2971.0400390625 2970.989990234375 2970.8701171875 2970.610107421875 2970.27001953125 2969.419921875 2967.1298828125 2965.35009765625 2962.6298828125 2961.050048828125 2959.300048828125 2958.070068359375 2957.070068359375 2955.6298828125 2954.0400390625 2952.780029296875 2951.469970703125
2989 2990.260009765625 2990.699951171875 2990.85009765625 2989.429931640625 2986.889892578125 2986.360107421875 2985.659912109375 2985.56005859375 2986.81005859375 2988.39990234375 2989.1298828125 2988.909912109375 2988.320068359375 2987.31005859375 2986.64990234375 2985.52001953125 2984.219970703125 2982.43994140625 2980.010009765625 2978.81005859375 2977.320068359375 2976.02001953125 2974.239990234375 2972.780029296875 2971.409912109375 2970.169921875 2969.60009765625 2969.090087890625 2969.139892578125 2969.25 2969.3701171875 2969.5 2969.39990234375 2968.169921875 2965.530029296875 2962.93994140625 2961.030029296875 2959.25 2957.659912109375 2956.580078125 2955.199951171875 2954.080078125 2952.5 2950.93994140625 2950.06005859375
2986.52001953125 2988.27001953125 2988.219970703125 2987.75 2987.0400390625 2984.909912109375 2983.389892578125 2982.9599609375 2982.860107421875 2983.25 2985.18994140625 2987.780029296875 2986.830078125 2986.590087890625 2985.949951171875 2985.340087890625 2984.489990234375 2983.260009765625 2981.610107421875 2978.93994140625 2977.47998046875 2975.909912109375 2974.25 2972.8701171875 2971.469970703125 2969.739990234375 2968.2900390625 2967.47998046875 2967.39990234375 2967.2900390625 2967.800048828125 2967.840087890625 2967.830078125 2965.570068359375 2964.300048828125 2963.360107421875 2960.97998046875 2959.2099609375 2957.35009765625 2956.030029296875 2954.989990234375 2953.14990234375 2952.1298828125 2951.110107421875 2949.570068359375 2948.14990234375
2984.6201171875 2985.77001953125 2985.449951171875 2984.5 2982.090087890625 2980.699951171875 2981.2099609375 2980.719970703125 2980.199951171875 2980.919921875 2982.570068359375 2984.75 2984.830078125 2985.22998046875 2984.219970703125 2983.860107421875 2982.949951171875 2981.800048828125 2979.570068359375 2977.5400390625 2976.260009765625 2974.429931640625 2972.929931640625 2971.469970703125 2969.860107421875 2968.02001953125 2966.68994140625 2965.949951171875 2965.639892578125 2965.780029296875 2965.840087890625 2966.080078125 2965.340087890625 2960.5400390625 2961.139892578125 2961.090087890625 2959.820068359375 2957.9599609375 2956.18994140625 2954.10009765625 2952.550048828125 2951.75 2950.3701171875 2949.3798828125 2947.320068359375 2945.989990234375
2980.3701171875 2983.360107421875 2982.3701171875 2980.47998046875 2979.550048828125 2978.85009765625 2979.0400390625 2977.929931640625 2977.389892578125 2979.0400390625 2981.510009765625 2983.550048828125 2982.610107421875 2982.47998046875 2982.18994140625 2981.949951171875 2981.590087890625 2980.56005859375 2977.840087890625 2976.199951171875 2974.199951171875 2972.659912109375 2971.199951171875 2969.760009765625 2967.75 2966.429931640625 2965.2900390625 2964.22998046875 2963.409912109375 2963.72998046875 2963.68994140625 2963.3701171875 2962.110107421875 2959.47998046875 2959.02001953125 2958.93994140625 2958.070068359375 2956.35009765625 2954.260009765625 2952.469970703125 2950.760009765625 2949.52001953125 2948.02001953125 2946.969970703125 2945.800048828125 2944.52001953125
2977.449951171875 2977.5 2978.419921875 2978.85009765625 2976.89990234375 2975.52001953125 2975.39990234375 2975.139892578125 2975.570068359375 2977.43994140625 2977.889892578125 2981.360107421875 2980.739990234375 2980.5400390625 2979.75 2979.659912109375 2978.9599609375 2978.39990234375 2976.929931640625 2975.27001953125 2973 2971.169921875 2969.3798828125 2967.969970703125 2966.330078125 2965.169921875 2963.93994140625 2962.35009765625 2961.5400390625 2961.419921875 2961.340087890625 2961.0400390625 2959.81005859375 2957.02001953125 2956.860107421875 2957.590087890625 2956.5400390625 2955.050048828125 2951.85009765625 2950.820068359375 2949.360107421875 2947.75 2946.22998046875 2945.280029296875 2944.02001953125 2942.469970703125
2975.179931640625 2975.7099609375 2975.010009765625 2975.6298828125 2972.3701171875 2972.530029296875 2973.18994140625 2973.219970703125 2974.179931640625 2975.219970703125 2976.27001953125 2978.159912109375 2978.5400390625 2978.18994140625 2977.739990234375 2977.070068359375 2977.169921875 2976.909912109375 2975.22998046875 2972.93994140625 2970.510009765625 2968.9599609375 2967.5 2966.25 2965.4599609375 2964.179931640625 2962.409912109375 2960.699951171875 2959.639892578125 2958.97998046875 2959 2958.280029296875 2957.5400390625 2955.360107421875 2954.43994140625 2954.449951171875 2953.31005859375 2952.919921875 2950.260009765625 2948.239990234375 2947.52001953125 2946.360107421875 2944.7099609375 2943.22998046875 2941.429931640625 2940.77001953125
2972.550048828125 2972.1201171875 2972.010009765625 2972.469970703125 2969.239990234375 2969.820068359375 2970.56005859375 2971.449951171875 2972.510009765625 2973.2099609375 2973.719970703125 2975.75 2976.06005859375 2976.06005859375 2974.800048828125 2974.010009765625 2974.419921875 2973.6201171875 2972.510009765625 2970.580078125 2968.239990234375 2966.949951171875 2965.949951171875 2964.919921875 2963.429931640625 2962.909912109375 2961.31005859375 2958.77001953125 2957.5 2956.8701171875 2956.5 2956.02001953125 2954.6201171875 2954.14990234375 2952.280029296875 2951.429931640625 2950.89990234375 2950.360107421875 2947.610107421875 2947.489990234375 2945.139892578125 2944.409912109375 2943.330078125 2941.639892578125 2937.989990234375 2937.25
2970.02001953125 2969.5 2968.9599609375 2968.260009765625 2967.14990234375 2967.179931640625 2968.5 2969.699951171875 2970.969970703125 2971.60009765625 2972.139892578125 2973.080078125 2974.1201171875 2974.010009765625 2972.5400390625 2971.9599609375 2970.909912109375 2969.97998046875 2968.22998046875 2967.570068359375 2966.159912109375 2965.330078125 2964.219970703125 2963.5 2962 2961.06005859375 2960.5 2957.070068359375 2955.47998046875 2954.610107421875 2953.75 2953.070068359375 2951.6298828125 2950.820068359375 2949.64990234375 2949.800048828125 2948.010009765625 2946.0400390625 2944.469970703125 2943.429931640625 2942.3701171875 2941.6298828125 2941.25 2938.81005859375 2935.85009765625 2934.469970703125
2968.030029296875 2967.510009765625 2966.7900390625 2965.5 2965.27001953125 2965.300048828125 2967.449951171875 2968.169921875 2968.85009765625 2967.699951171875 2968.5 2970.18994140625 2971.590087890625 2971.239990234375 2970.77001953125 2969.8798828125 2969.35009765625 2968.14990234375 2967.070068359375 2965.93994140625 2964.7900390625 2963.800048828125 2962.77001953125 2961.77001953125 2960.340087890625 2958.6201171875 2956.89990234375 2955.1298828125 2953.6201171875 2952.199951171875 2951.02001953125 2950 2948.7900390625 2947.6298828125 2946.360107421875 2945.010009765625 2944.090087890625 2943.5400390625 2942.77001953125 2941.169921875 2940.080078125 2938.800048828125 2938.530029296875 2936.81005859375 2934.89990234375 2933.110107421875
2965.800048828125 2964.969970703125 2964.429931640625 2963.669921875 2963.239990234375 2962.89990234375 2963.8798828125 2964.8798828125 2964.949951171875 2964.35009765625 2965.5 2966.68994140625 2968.02001953125 2967.659912109375 2967.739990234375 2967.47998046875 2967.340087890625 2966.159912109375 2965.320068359375 2964.510009765625 2963.159912109375 2962.43994140625 2961.320068359375 2959.8701171875 2958.340087890625 2956.219970703125 2954.260009765625 2952.60009765625 2952.25 2950.889892578125 2949.030029296875 2947.7099609375 2946.909912109375 2945.340087890625 2943.489990234375 2942.409912109375 2942.18994140625 2942.1298828125 2941.909912109375 2939.1201171875 2936.739990234375 2935.6298828125 2935.320068359375 2935.199951171875 2933.39990234375 2931.6298828125
2963.8798828125 2962.68994140625 2961.9599609375 2961.6201171875 2961.179931640625 2960.889892578125 2961.159912109375 2961.489990234375 2961.929931640625 2962.81005859375 2964.169921875 2964.889892578125 2966.02001953125 2965.030029296875 2965.31005859375 2965.550048828125 2965.080078125 2964.419921875 2963.860107421875 2962.949951171875 2961.72998046875 2960.8798828125 2959.469970703125 2958.06005859375 2956.070068359375 2954.590087890625 2952.489990234375 2951.050048828125 2949.830078125 2949 2947.8798828125 2944.9599609375 2944.02001953125 2941.969970703125 2940.719970703125 2940.639892578125 2940.47998046875 2940.090087890625 2940.280029296875 2937.159912109375 2933.659912109375 2932.75 2932.22998046875 2932.360107421875 2931.110107421875 2928.989990234375
2961.97998046875 2961.139892578125 2959.75 2959.260009765625 2959.300048828125 2959.260009765625 2959.449951171875 2959.639892578125 2960.300048828125 2960.760009765625 2962.02001953125 2962.699951171875 2964.300048828125 2963.14990234375 2963.669921875 2963.969970703125 2963.5 2962.840087890625 2961.72998046875 2960.570068359375 2959.580078125 2957.489990234375 2957.409912109375 2956.889892578125 2953.97998046875 2952.2900390625 2950.139892578125 2949.360107421875 2948.179931640625 2946.719970703125 2944.8701171875 2942.89990234375 2940.330078125 2938.93994140625 2938.510009765625 2938.77001953125 2939.199951171875 2938.419921875 2937 2934.989990234375 2931.300048828125 2929.8798828125 2929.110107421875 2929.72998046875 2928.419921875 2924.14990234375
2959.85009765625 2959.010009765625 2957.85009765625 2957.260009765625 2957.4599609375 2957.300048828125 2957.669921875 2957.93994140625 2958.43994140625 2959.1298828125 2959.739990234375 2960.52001953125 2961.010009765625 2961.639892578125 2961.949951171875 2961.780029296875 2960.949951171875 2959.949951171875 2959.820068359375 2958.77001953125 2955.659912109375 2955.419921875 2954.909912109375 2953.739990234375 2951.219970703125 2948.81005859375 2947.77001953125 2947.1298828125 2945.3701171875 2943.39990234375 2941.510009765625 2939.389892578125 2938.239990234375 2936.780029296875 2936.449951171875 2936.72998046875 2937.139892578125 2937.090087890625 2935.18994140625 2931.75 2928.909912109375 2927.780029296875 2926.969970703125 2919.580078125 2919.2900390625 2917.760009765625
2958.1201171875 2955.260009765625 2954.7099609375 2954.820068359375 2954.840087890625 2955.7099609375 2955.8701171875 2956.22998046875 2956.860107421875 2957.429931640625 2958.489990234375 2958.52001953125 2959.199951171875 2959.43994140625 2959.179931640625 2958.780029296875 2959.14990234375 2957.429931640625 2957.7099609375 2955.989990234375 2953.60009765625 2952.080078125 2949.340087890625 2948.639892578125 2945.2099609375 2944.909912109375 2945.010009765625 2944.10009765625 2941.97998046875 2940.699951171875 2938.43994140625 2937.02001953125 2936.030029296875 2935.25 2934.590087890625 2934.580078125 2934.840087890625 2933.110107421875 2930.4599609375 2928.10009765625 2926.31005859375 2925.3701171875 2919.739990234375 2910.070068359375 2910.159912109375 2910.780029296875
2953.52001953125 2952.280029296875 2952.409912109375 2952.510009765625 2952.93994140625 2953.64990234375 2953.89990234375 2954.39990234375 2955.10009765625 2955.800048828125 2956.75 2956.27001953125 2956.239990234375 2956.800048828125 2956.820068359375 2956.719970703125 2956.699951171875 2955.659912109375 2954.659912109375 2954.530029296875 2950.070068359375 2947.409912109375 2942.699951171875 2941.7099609375 2941.530029296875 2942.030029296875 2941.860107421875 2940.010009765625 2939.199951171875 2937.2099609375 2936.25 2935.449951171875 2934.02001953125 2933.489990234375 2932.27001953125 2930.139892578125 2928.89990234375 2926.139892578125 2924.780029296875 2921.280029296875 2920.85009765625 2916.14990234375 2907.449951171875 2907.2900390625 2907.949951171875 2907.260009765625
