models/punta-alta.asc
ncols        533
nrows        465
xllcorner    325497.000000000000
yllcorner    4716477.000000000000
cellsize     2.000000000000
NODATA_value  -9999
[rows 200 to 219 of 465, columns 184 to 229 of 533]
2878.18994140625 2879.4599609375 2882.360107421875 2887 2887.510009765625 2886.239990234375 2885.929931640625 2881.030029296875 2881.080078125 2880.3701171875 2880.409912109375 2879.050048828125 2880.969970703125 2883.77001953125 2886.610107421875 2887.830078125 2889.780029296875 2891.409912109375 2893.139892578125 2899.68994140625 2900.360107421875 2901.330078125 2904.18994140625 2906.64990234375 2907.989990234375 2909.260009765625 2910.610107421875 2911.760009765625 2913.3798828125 2916 2919.919921875 2920.449951171875 2921.8798828125 2922.14990234375 2924.010009765625 2922.739990234375 2923.75 2924.52001953125 2924.219970703125 2923.199951171875 2921.889892578125 2921.260009765625 2920.510009765625 2919.580078125 2916.489990234375 2913.139892578125
2877.1298828125 2878.3701171875 2884.199951171875 2886.070068359375 2884.989990234375 2884.14990234375 2883.89990234375 2876.360107421875 2873.72998046875 2873.949951171875 2875.60009765625 2877.7099609375 2879.60009765625 2880.969970703125 2884.889892578125 2887.239990234375 2888.7099609375 2890.429931640625 2891.93994140625 2895.3701171875 2898.5 2901.080078125 2903.64990234375 2905.489990234375 2907.550048828125 2909.5 2910.5 2911.47998046875 2913.570068359375 2918.669921875 2922.260009765625 2923.72998046875 2925.27001953125 2926.39990234375 2924.5 2923.699951171875 2924.89990234375 2925.68994140625 2925.3701171875 2924.1298828125 2923.030029296875 2922.0400390625 2920.070068359375 2918.47998046875 2916.070068359375 2913.7099609375
2874.06005859375 2877.719970703125 2880.669921875 2881.3798828125 2882.580078125 2882.27001953125 2881.239990234375 2870.739990234375 2871.429931640625 2872.639892578125 2874.919921875 2877.139892578125 2879.090087890625 2880.179931640625 2882.97998046875 2885.85009765625 2887.610107421875 2890.320068359375 2891.840087890625 2895.39990234375 2898.6298828125 2901.610107421875 2902.780029296875 2904.68994140625 2907.159912109375 2908.81005859375 2909.590087890625 2911.22998046875 2915.6298828125 2918.3798828125 2925.080078125 2928.6298828125 2929.47998046875 2929.85009765625 2928.800048828125 2927.320068359375 2925.409912109375 2926.050048828125 2925.580078125 2923.5400390625 2922.330078125 2921.320068359375 2918.760009765625 2917.14990234375 2915.52001953125 2914.179931640625
2871 2874.43994140625 2877 2878.050048828125 2878.68994140625 2878.110107421875 2868.719970703125 2869.110107421875 2870.330078125 2871.60009765625 2874.14990234375 2876.2900390625 2877.919921875 2879.81005859375 2881.85009765625 2884.639892578125 2887.110107421875 2891.31005859375 2892.97998046875 2895.169921875 2897.909912109375 2901.2900390625 2902.739990234375 2904.68994140625 2907.52001953125 2907.9599609375 2908.590087890625 2909.60009765625 2916.3798828125 2918.699951171875 2926.89990234375 2931.469970703125 2932.1298828125 2932.320068359375 2930.580078125 2928.7099609375 2928.2900390625 2927.64990234375 2926.860107421875 2924.070068359375 2922.75 2921.739990234375 2918.830078125 2917.22998046875 2916.06005859375 2914.719970703125
2868.219970703125 2871.5400390625 2873.570068359375 2872.070068359375 2863.760009765625 2866.4599609375 2866.93994140625 2867.489990234375 2868.830078125 2871.780029296875 2874.56005859375 2875.969970703125 2877.47998046875 2878.75 2881.31005859375 2885.429931640625 2887.25 2890.81005859375 2893.4599609375 2895.429931640625 2897.389892578125 2899.989990234375 2902.449951171875 2904.739990234375 2905.85009765625 2906.60009765625 2908.06005859375 2910.89990234375 2915.949951171875 2921.219970703125 2928.840087890625 2932.81005859375 2933.64990234375 2932.989990234375 2931.35009765625 2930.169921875 2930.52001953125 2928.969970703125 2926.97998046875 2924.93994140625 2923.590087890625 2922.080078125 2920.550048828125 2918.6298828125 2918.489990234375 2916.739990234375
2857.72998046875 2864.409912109375 2863.239990234375 2860.780029296875 2862.5 2863.760009765625 2865.25 2865.969970703125 2869.389892578125 2870.610107421875 2872.590087890625 2875.639892578125 2877.449951171875 2878.18994140625 2879.7099609375 2886.669921875 2888.050048828125 2890.199951171875 2893.659912109375 2895.39990234375 2897.610107421875 2900.300048828125 2902.75 2904.43994140625 2905.1201171875 2906.35009765625 2907.47998046875 2911.7900390625 2915.5 2922 2928.669921875 2932.070068359375 2935.010009765625 2934.889892578125 2933.669921875 2932.280029296875 2930.72998046875 2928.679931640625 2926.52001953125 2925.35009765625 2924.419921875 2923.300048828125 2922.860107421875 2923.080078125 2923.3701171875 2921.47998046875
2855.1201171875 2857.030029296875 2858.18994140625 2859.580078125 2860.8701171875 2862.2099609375 2863.72998046875 2865 2867.97998046875 2870.360107421875 2872.949951171875 2874.9599609375 2876.68994140625 2877.85009765625 2880.2900390625 2885.760009765625 2887.3701171875 2889.489990234375 2890.739990234375 2893.050048828125 2897.43994140625 2899.530029296875 2903.22998046875 2903.840087890625 2904.830078125 2905.419921875 2907.919921875 2912.89990234375 2915.5400390625 2925.97998046875 2931.219970703125 2933.159912109375 2937.3701171875 2937.89990234375 2936.659912109375 2933.35009765625 2931.77001953125 2931.300048828125 2927.929931640625 2926.22998046875 2925.72998046875 2925.590087890625 2926.580078125 2926.780029296875 2927.320068359375 2923.39990234375
2854.659912109375 2857.090087890625 2857.889892578125 2859.050048828125 2860.02001953125 2861.610107421875 2862.860107421875 2864.2900390625 2866.830078125 2871 2873.10009765625 2875.39990234375 2876.320068359375 2877.25 2882.280029296875 2884.5400390625 2886 2887.81005859375 2889.820068359375 2891.989990234375 2896.679931640625 2900.8701171875 2901.39990234375 2901.510009765625 2903.389892578125 2904.889892578125 2909.1201171875 2912.2900390625 2916.909912109375 2927.47998046875 2931.360107421875 2934.31005859375 2938.72998046875 2939.070068359375 2937.93994140625 2934.22998046875 2934.39990234375 2933.800048828125 2930.719970703125 2928.570068359375 2929.22998046875 2929.14990234375 2930.760009765625 2930.340087890625 2929.0400390625 2926.06005859375
2853.320068359375 2855.10009765625 2856.219970703125 2857.590087890625 2859.389892578125 2861.18994140625 2862.5400390625 2865.570068359375 2869.1298828125 2871.090087890625 2873.179931640625 2874.889892578125 2875.97998046875 2878.35009765625 2881.419921875 2884.449951171875 2885.489990234375 2886.9599609375 2888.050048828125 2890.14990234375 2894.25 2897.409912109375 2898.89990234375 2900.330078125 2902.360107421875 2905.35009765625 2909.68994140625 2911.6201171875 2918.659912109375 2927.489990234375 2929.77001953125 2935.860107421875 2938.550048828125 2940.989990234375 2939.85009765625 2936.929931640625 2935.840087890625 2934.889892578125 2933.090087890625 2933.14990234375 2932.340087890625 2933.179931640625 2933.090087890625 2931.889892578125 2929.610107421875 2928.27001953125
2852.409912109375 2854.169921875 2855.31005859375 2856.97998046875 2858.919921875 2861.030029296875 2863.25 2866.25 2868.669921875 2871.090087890625 2872.25 2874.610107421875 2877.02001953125 2879.699951171875 2881.469970703125 2883.669921875 2884.389892578125 2885.85009765625 2887.580078125 2889.919921875 2891.419921875 2894.590087890625 2896.18994140625 2900.56005859375 2902.340087890625 2904.179931640625 2907.7900390625 2910.919921875 2921.3701171875 2927.780029296875 2932.320068359375 2936.199951171875 2938.1298828125 2939.300048828125 2940.77001953125 2936.989990234375 2934.570068359375 2934.68994140625 2935.080078125 2935.360107421875 2935.719970703125 2935.25 2935.010009765625 2933.030029296875 2931.60009765625 2931.169921875
2851.639892578125 2853.3701171875 2855.1298828125 2856.530029296875 2858.6201171875 2861.590087890625 2863.739990234375 2866.550048828125 2869.10009765625 2870.77001953125 2872.830078125 2874.639892578125 2876.7099609375 2878.39990234375 2880.219970703125 2882.64990234375 2882.85009765625 2884.89990234375 2887.14990234375 2889.590087890625 2890.820068359375 2892.39990234375 2895.60009765625 2900.1298828125 2902.030029296875 2903.64990234375 2905.800048828125 2911.909912109375 2922.429931640625 2927.510009765625 2931.580078125 2935.699951171875 2937.659912109375 2934.320068359375 2932.56005859375 2932.93994140625 2932.85009765625 2934.070068359375 2935.300048828125 2937.510009765625 2937.7099609375 2937.169921875 2936 2935.510009765625 2933.719970703125 2932.5400390625
2852.330078125 2853.56005859375 2854.050048828125 2857.610107421875 2859.530029296875 2862.6298828125 2864.7099609375 2866.139892578125 2868.510009765625 2870.2900390625 2872.989990234375 2874.3701171875 2876 2877.590087890625 2878.8798828125 2880.6201171875 2882.010009765625 2884.139892578125 2885.669921875 2888.719970703125 2890.669921875 2891.929931640625 2895.39990234375 2899.429931640625 2900.89990234375 2902.739990234375 2905.340087890625 2914.14990234375 2920.840087890625 2925.2099609375 2933.179931640625 2934.820068359375 2935.27001953125 2931.030029296875 2929.300048828125 2929.5 2931.659912109375 2933.639892578125 2934.989990234375 2936.800048828125 2938.320068359375 2938.780029296875 2938.0400390625 2936.72998046875 2934.3798828125 2930.9599609375
2854.800048828125 2855.530029296875 2856.3701171875 2859.580078125 2861.159912109375 2863.1201171875 2865.360107421875 2866.7099609375 2868.2900390625 2870.010009765625 2872.5400390625 2873.949951171875 2875.580078125 2877.070068359375 2878.6201171875 2880.090087890625 2881.580078125 2883.02001953125 2885.89990234375 2888.3701171875 2889.85009765625 2891.260009765625 2895.830078125 2897.77001953125 2899.89990234375 2902.179931640625 2906.9599609375 2913.610107421875 2916.090087890625 2922.81005859375 2928.31005859375 2931.39990234375 2931.590087890625 2927.320068359375 2926.409912109375 2927.5 2928.820068359375 2931.1298828125 2934.1298828125 2935.610107421875 2937.5 2938.330078125 2937.739990234375 2937.050048828125 2934.679931640625 2931.820068359375
2858.199951171875 2858.72998046875 2859.25 2860.7900390625 2862.840087890625 2864.06005859375 2866.159912109375 2867.469970703125 2868.77001953125 2870.159912109375 2871.75 2873.4599609375 2875.02001953125 2876.550048828125 2878.139892578125 2880.0400390625 2881.949951171875 2884.909912109375 2887.60009765625 2888.60009765625 2890.449951171875 2892.1298828125 2892.760009765625 2896.6201171875 2899.760009765625 2902.010009765625 2904.090087890625 2909.39990234375 2912.6298828125 2919.89990234375 2925.97998046875 2927.800048828125 2926.64990234375 2924.10009765625 2924.989990234375 2926.18994140625 2927.739990234375 2929.699951171875 2932.110107421875 2935.56005859375 2937.070068359375 2937.679931640625 2937.97998046875 2936.909912109375 2934.199951171875 2933.1298828125
2861.050048828125 2862.10009765625 2861.89990234375 2861.679931640625 2863.570068359375 2864.89990234375 2866.340087890625 2867.77001953125 2869.179931640625 2870.800048828125 2871.93994140625 2873.22998046875 2874.89990234375 2877.469970703125 2880.159912109375 2881.199951171875 2886.030029296875 2888.6201171875 2889.68994140625 2890.489990234375 2892.4599609375 2895.110107421875 2895.9599609375 2897.06005859375 2899.06005859375 2901.639892578125 2904.989990234375 2909.52001953125 2911.929931640625 2918.6201171875 2920.489990234375 2922.030029296875 2922.35009765625 2922.659912109375 2923.760009765625 2925.72998046875 2927.659912109375 2929.35009765625 2932.510009765625 2935.780029296875 2936.43994140625 2936.7900390625 2938.580078125 2936.919921875 2934.830078125 2935.409912109375
2864.1298828125 2864.590087890625 2864.919921875 2864.169921875 2865.929931640625 2866.8701171875 2867.929931640625 2868.530029296875 2870.719970703125 2871.760009765625 2872.780029296875 2875.239990234375 2878.030029296875 2881.639892578125 2882.81005859375 2885.2900390625 2887.989990234375 2889.969970703125 2891.139892578125 2892.9599609375 2895.8798828125 2897.659912109375 2898.3701171875 2899.159912109375 2900.1298828125 2901.43994140625 2904.25 2908.739990234375 2914.360107421875 2918.050048828125 2918.679931640625 2919.56005859375 2920.510009765625 2921.27001953125 2923.60009765625 2925.300048828125 2926.7900390625 2928.419921875 2931.780029296875 2934.6201171875 2934.300048828125 2937.449951171875 2939.31005859375 2938.530029296875 2937.219970703125 2939.590087890625
2865.780029296875 2866.469970703125 2867.090087890625 2866.530029296875 2868.1298828125 2869.889892578125 2872.35009765625 2873.570068359375 2873.610107421875 2874.330078125 2875.89990234375 2878.080078125 2881.64990234375 2884.760009765625 2886.050048828125 2886.449951171875 2888.8798828125 2890.510009765625 2892.14990234375 2895.3798828125 2898.929931640625 2899.719970703125 2900.320068359375 2901.8798828125 2902.31005859375 2902.81005859375 2904.06005859375 2906.030029296875 2912.580078125 2914.389892578125 2915.570068359375 2917.06005859375 2919.050048828125 2920.570068359375 2922.43994140625 2924.239990234375 2925.969970703125 2928 2929.969970703125 2931.449951171875 2934.77001953125 2937.590087890625 2939.97998046875 2939.889892578125 2940.4599609375 2941.969970703125
2867.949951171875 2868.889892578125 2869.3798828125 2868.610107421875 2869.72998046875 2872.4599609375 2874.989990234375 2876.469970703125 2876.909912109375 2876.4599609375 2877.669921875 2882.75 2885.050048828125 2886.830078125 2888.02001953125 2889.8798828125 2890.39990234375 2892.409912109375 2894.409912109375 2898.31005859375 2900.81005859375 2901.889892578125 2902.699951171875 2903.929931640625 2904.409912109375 2905.469970703125 2906.5 2908.080078125 2911.169921875 2913.780029296875 2915.110107421875 2916.75 2918.719970703125 2920.469970703125 2922.639892578125 2924.330078125 2926.449951171875 2928.31005859375 2930.070068359375 2931.699951171875 2935.800048828125 2937.7099609375 2939.580078125 2940.659912109375 2942.7900390625 2944.070068359375
2869.239990234375 2870.659912109375 2872.080078125 2871.93994140625 2873.830078125 2874.56005859375 2876.840087890625 2879.260009765625 2880.760009765625 2880.320068359375 2880.389892578125 2884.919921875 2887.72998046875 2889.0400390625 2890.39990234375 2891.97998046875 2894.02001953125 2895.89990234375 2897.340087890625 2900.93994140625 2903.280029296875 2905.199951171875 2905.409912109375 2905.780029296875 2907.719970703125 2909.06005859375 2909.6201171875 2909.989990234375 2911.3701171875 2913.8798828125 2915.27001953125 2916.530029296875 2918.780029296875 2921.159912109375 2923.199951171875 2924.35009765625 2926.10009765625 2928 2929.830078125 2931.5 2933.8701171875 2936.570068359375 2939.52001953125 2941.60009765625 2944.5400390625 2945.219970703125
2870.52001953125 2872.070068359375 2873.2099609375 2873.93994140625 2875.18994140625 2877.169921875 2880.449951171875 2882.860107421875 2883.830078125 2883.239990234375 2883.800048828125 2887.5 2889.52001953125 2891.530029296875 2893.47998046875 2895.449951171875 2897.699951171875 2897.97998046875 2901.260009765625 2904.340087890625 2905.89990234375 2906.8701171875 2907.89990234375 2908.159912109375 2910.110107421875 2911.22998046875 2911.8701171875 2912.179931640625 2912.5400390625 2914.199951171875 2915.489990234375 2917.010009765625 2918.409912109375 2920.81005859375 2922.570068359375 2923.929931640625 2925.7099609375 2927.419921875 2929.510009765625 2931.530029296875 2934.7099609375 2937.27001953125 2938.93994140625 2941.3701171875 2943.919921875 2945.0400390625
