models/punta-alta.asc
ncols        533
nrows        465
xllcorner    325497.000000000000
yllcorner    4716477.000000000000
cellsize     2.000000000000
NODATA_value  -9999
[rows 360 to 379 of 465, columns 138 to 183 of 533]
2844.070068359375 2844.669921875 2845.179931640625 2845.7900390625 2846.6201171875 2847.580078125 2848.4599609375 2849.10009765625 2849.64990234375 2849.9599609375 2850.6298828125 2851.4599609375 2855.909912109375 2857.429931640625 2857.169921875 2858.3701171875 2859.260009765625 2860.02001953125 2861.159912109375 2863.22998046875 2864.8798828125 2865.860107421875 2865.469970703125 2864.47998046875 2864.280029296875 2863.3798828125 2863.72998046875 2863.52001953125 2863.360107421875 2863.10009765625 2863.639892578125 2864.010009765625 2864.2900390625 2866.320068359375 2867.530029296875 2867.7900390625 2868.4599609375 2868.820068359375 2868.510009765625 2867.409912109375 2866.22998046875 2865.760009765625 2865.39990234375 2865.889892578125 2866.25 2867.89990234375
2842.7099609375 2843.35009765625 2844.090087890625 2844.679931640625 2845.4599609375 2846.22998046875 2847.320068359375 2847.679931640625 2848.090087890625 2848.85009765625 2849.489990234375 2850.35009765625 2851.27001953125 2853.10009765625 2853.820068359375 2855.1201171875 2856.780029296875 2857.760009765625 2858.699951171875 2859.85009765625 2863.159912109375 2863.9599609375 2863.3701171875 2861.590087890625 2861.219970703125 2860.820068359375 2860.1298828125 2860.60009765625 2860.6298828125 2861.0400390625 2861.31005859375 2861.550048828125 2862.3701171875 2863.52001953125 2865.590087890625 2865.81005859375 2866.02001953125 2866.239990234375 2866.02001953125 2864.81005859375 2864.1298828125 2863.840087890625 2863.919921875 2864 2864.39990234375 2865.179931640625
2841.3701171875 2842.02001953125 2842.820068359375 2843.590087890625 2844.070068359375 2844.669921875 2845.43994140625 2846.090087890625 2846.60009765625 2847.25 2848.219970703125 2849.139892578125 2850.0400390625 2850.889892578125 2852.159912109375 2853.31005859375 2854.530029296875 2855.760009765625 2856.93994140625 2858.179931640625 2859.8798828125 2861.239990234375 2860.52001953125 2859.64990234375 2859.610107421875 2858.679931640625 2857.75 2856.47998046875 2857.4599609375 2858.02001953125 2859.27001953125 2859.449951171875 2859.81005859375 2861.06005859375 2862.080078125 2863.3798828125 2863.3798828125 2863.2900390625 2863.159912109375 2862.89990234375 2862.469970703125 2861.6201171875 2861.72998046875 2861.919921875 2862.4599609375 2863.31005859375
2840.1201171875 2840.550048828125 2841.35009765625 2842.22998046875 2842.7900390625 2843.449951171875 2844.050048828125 2844.8701171875 2845.3701171875 2845.969970703125 2846.889892578125 2847.7099609375 2848.5400390625 2849.3798828125 2850.739990234375 2851.669921875 2853.010009765625 2853.72998046875 2855.050048828125 2856.080078125 2857.169921875 2858.139892578125 2858.320068359375 2858.0400390625 2858.050048828125 2857.159912109375 2855.239990234375 2854.260009765625 2854.239990234375 2854.25 2854.570068359375 2856.110107421875 2856.06005859375 2857.669921875 2859.14990234375 2860.8701171875 2860.969970703125 2860.050048828125 2860.449951171875 2860.64990234375 2859.320068359375 2859.179931640625 2859.010009765625 2859.889892578125 2860.989990234375 2861.72998046875
2838.14990234375 2839.010009765625 2839.669921875 2840.570068359375 2841.510009765625 2842 2842.52001953125 2843.320068359375 2844.260009765625 2844.669921875 2845.3701171875 2846.2900390625 2846.52001953125 2846.679931640625 2848.449951171875 2849.77001953125 2850.93994140625 2852.02001953125 2853.25 2854.530029296875 2854.43994140625 2855.52001953125 2855.969970703125 2856.239990234375 2855.75 2854.199951171875 2852.9599609375 2852.139892578125 2851.429931640625 2852.1201171875 2852.610107421875 2853.469970703125 2854.75 2855.909912109375 2856.780029296875 2858.31005859375 2859.1201171875 2858.1298828125 2857.739990234375 2857.8798828125 2857.449951171875 2857.330078125 2857.280029296875 2857.639892578125 2858.35009765625 2859.449951171875
2835.449951171875 2837.25 2838 2838.830078125 2839.8701171875 2840.5400390625 2841.320068359375 2841.8701171875 2842.669921875 2843.1298828125 2844.030029296875 2844.360107421875 2844.5 2845.260009765625 2846.409912109375 2848.22998046875 2848.969970703125 2849.969970703125 2851.35009765625 2852.110107421875 2852.360107421875 2852.6201171875 2852.10009765625 2851.6298828125 2851.969970703125 2851.52001953125 2851.2900390625 2850.360107421875 2850.010009765625 2850.469970703125 2851.510009765625 2852.030029296875 2853.389892578125 2854.260009765625 2854.719970703125 2855.31005859375 2855.889892578125 2856.199951171875 2855.800048828125 2855.39990234375 2855.1298828125 2855.719970703125 2856.070068359375 2856.25 2856.8798828125 2857.75
2833.2900390625 2835.25 2836.110107421875 2836.89990234375 2837.5 2838.669921875 2839.5 2840.419921875 2840.77001953125 2840.820068359375 2841.1298828125 2841.469970703125 2841.739990234375 2843.449951171875 2844.449951171875 2845.889892578125 2846.5400390625 2846.909912109375 2847.219970703125 2849.010009765625 2849.889892578125 2849.72998046875 2849.679931640625 2849.1201171875 2848.929931640625 2849.9599609375 2849.97998046875 2848.280029296875 2847.699951171875 2848.239990234375 2849.81005859375 2850.530029296875 2851.840087890625 2852.27001953125 2852.47998046875 2853.02001953125 2853.860107421875 2854.22998046875 2853.409912109375 2852.7099609375 2853.25 2853.820068359375 2854.429931640625 2854.389892578125 2855.27001953125 2855.81005859375
2831.360107421875 2832.8798828125 2834.489990234375 2834.800048828125 2835.610107421875 2837.030029296875 2837.659912109375 2837.909912109375 2837.85009765625 2838.35009765625 2838.320068359375 2838.8798828125 2839.570068359375 2840.949951171875 2842.820068359375 2843.159912109375 2844.0400390625 2844.5 2844.909912109375 2846.39990234375 2846.580078125 2846.25 2846.52001953125 2846.489990234375 2846.659912109375 2847.429931640625 2847.050048828125 2844.969970703125 2844.860107421875 2845.889892578125 2847.7099609375 2848.72998046875 2849.89990234375 2850.030029296875 2850.610107421875 2851.340087890625 2851.860107421875 2852.14990234375 2851.030029296875 2850.610107421875 2851.27001953125 2852 2852.60009765625 2853.1298828125 2853.5 2853.780029296875
2829.2099609375 2831.139892578125 2832.330078125 2832.97998046875 2834.1298828125 2835.43994140625 2835.9599609375 2835.18994140625 2835.199951171875 2836.3701171875 2835.60009765625 2836.14990234375 2837.679931640625 2838.780029296875 2840.5 2841.590087890625 2842.679931640625 2842.9599609375 2843.449951171875 2844.590087890625 2844.97998046875 2844.47998046875 2844.300048828125 2844.18994140625 2844.22998046875 2844.2900390625 2843.1298828125 2842.22998046875 2841.820068359375 2843 2844.469970703125 2846.1298828125 2847.31005859375 2847.81005859375 2848.3701171875 2848.5 2849.260009765625 2849.10009765625 2848.739990234375 2849.06005859375 2849.47998046875 2849.780029296875 2850.760009765625 2851.4599609375 2851.820068359375 2852.169921875
2827.669921875 2829 2830.169921875 2830.800048828125 2831.989990234375 2833.06005859375 2834.02001953125 2833.31005859375 2833.030029296875 2832.64990234375 2833.02001953125 2833.56005859375 2835.14990234375 2837.199951171875 2838.340087890625 2839.7900390625 2840.60009765625 2840.8701171875 2841.469970703125 2842.72998046875 2842.6201171875 2842.780029296875 2842.489990234375 2841.360107421875 2840.47998046875 2839.22998046875 2839.179931640625 2839.090087890625 2839.68994140625 2840.510009765625 2841.97998046875 2843 2844.97998046875 2845.360107421875 2845.919921875 2846.22998046875 2846.610107421875 2847.10009765625 2846.889892578125 2846.97998046875 2847.47998046875 2848.02001953125 2849.300048828125 2850.010009765625 2850.14990234375 2850.3798828125
2824.820068359375 2826.330078125 2827.330078125 2828.68994140625 2829.97998046875 2829.919921875 2830.179931640625 2831.469970703125 2830.47998046875 2830.800048828125 2831.219970703125 2831.81005859375 2833.0400390625 2834.85009765625 2835.7099609375 2837.4599609375 2838.489990234375 2838.840087890625 2839.840087890625 2840.43994140625 2840.8701171875 2840.419921875 2839.97998046875 2839.429931640625 2837.219970703125 2835.679931640625 2836.5400390625 2837.280029296875 2837.93994140625 2838.31005859375 2838.760009765625 2840.5 2841.760009765625 2842.52001953125 2843.1298828125 2843.800048828125 2844.239990234375 2844.590087890625 2844.360107421875 2844.760009765625 2845.030029296875 2845.659912109375 2847.35009765625 2847.93994140625 2848.389892578125 2848.7099609375
2822.469970703125 2823.199951171875 2825.219970703125 2826.699951171875 2827.7099609375 2827.5400390625 2826.9599609375 2828.43994140625 2826.909912109375 2827.89990234375 2829.0400390625 2829.800048828125 2830.780029296875 2831.800048828125 2833.60009765625 2834.2099609375 2835.97998046875 2836.3701171875 2838.030029296875 2838.580078125 2839.219970703125 2838.429931640625 2837.610107421875 2837.3701171875 2832.56005859375 2833.3798828125 2833.97998046875 2834.47998046875 2834.909912109375 2835.27001953125 2835.6201171875 2837.280029296875 2838.77001953125 2839.469970703125 2840.639892578125 2840.489990234375 2842.080078125 2841.93994140625 2842.10009765625 2842.969970703125 2843.159912109375 2844.02001953125 2844.929931640625 2845.719970703125 2846.570068359375 2847.1201171875
2820.7900390625 2822.139892578125 2823.669921875 2824.35009765625 2824.419921875 2824.8798828125 2823.47998046875 2822.5 2823.199951171875 2825.760009765625 2826.89990234375 2827.97998046875 2829.010009765625 2829.8701171875 2830.909912109375 2831.949951171875 2832.5 2832.949951171875 2835.340087890625 2836.719970703125 2837.989990234375 2835.760009765625 2835.550048828125 2833.4599609375 2829.81005859375 2830.330078125 2831.330078125 2832.43994140625 2832.830078125 2833.080078125 2833.820068359375 2834.570068359375 2835.219970703125 2836.389892578125 2837.93994140625 2838.570068359375 2839.300048828125 2838.550048828125 2839.419921875 2840.5400390625 2840.47998046875 2841.469970703125 2842.489990234375 2843.489990234375 2844.47998046875 2845.050048828125
2818.860107421875 2820.080078125 2820.929931640625 2822.139892578125 2822.68994140625 2822.75 2820.75 2820.080078125 2820.610107421875 2821.570068359375 2824.3701171875 2825.10009765625 2827.2900390625 2827.81005859375 2828.280029296875 2829.739990234375 2830.419921875 2831.320068359375 2832.409912109375 2835.0400390625 2833.60009765625 2832.3701171875 2833.18994140625 2829.949951171875 2827.6298828125 2828.06005859375 2828.840087890625 2829.9599609375 2830.77001953125 2831.070068359375 2832.429931640625 2832.800048828125 2833.0400390625 2833.6201171875 2835.090087890625 2835.929931640625 2836.169921875 2836.280029296875 2836.699951171875 2836.530029296875 2838.030029296875 2838.89990234375 2840.02001953125 2840.93994140625 2842.050048828125 2843.5
2816.919921875 2818.070068359375 2818.669921875 2820.050048828125 2820.35009765625 2820.60009765625 2817.85009765625 2817.27001953125 2817.72998046875 2818.27001953125 2820.14990234375 2822.969970703125 2824.93994140625 2825.419921875 2826.659912109375 2827.610107421875 2828.580078125 2829.52001953125 2830.72998046875 2831.489990234375 2830.9599609375 2829.8701171875 2829.820068359375 2827.010009765625 2826.010009765625 2826.52001953125 2827.260009765625 2827.72998046875 2828.550048828125 2829.3798828125 2830.56005859375 2831.27001953125 2831.419921875 2832.360107421875 2833.419921875 2833.68994140625 2833.9599609375 2834.510009765625 2834.449951171875 2834.72998046875 2836 2836.550048828125 2837.580078125 2839.06005859375 2840.3701171875 2841.889892578125
2814.909912109375 2816.469970703125 2817.010009765625 2817.22998046875 2817.64990234375 2817.06005859375 2817.179931640625 2815.52001953125 2816.0400390625 2816.679931640625 2817.39990234375 2820.02001953125 2820.580078125 2823.199951171875 2824.7099609375 2825.639892578125 2827 2828.8798828125 2829.8798828125 2829.10009765625 2828.389892578125 2827.469970703125 2825.840087890625 2823.929931640625 2824.449951171875 2824.969970703125 2825.6298828125 2826.080078125 2827.030029296875 2827.590087890625 2828.2099609375 2829.239990234375 2829.97998046875 2830.580078125 2831.320068359375 2832 2831.6298828125 2831.780029296875 2831.889892578125 2832.389892578125 2832.679931640625 2834.080078125 2836.6201171875 2838.06005859375 2839.330078125 2841.330078125
2812.260009765625 2813.090087890625 2814.510009765625 2815.14990234375 2813.800048828125 2813.219970703125 2813.77001953125 2813.7099609375 2814.280029296875 2815.02001953125 2815.989990234375 2817.360107421875 2818.449951171875 2820.0400390625 2822 2822.780029296875 2822.9599609375 2826.3798828125 2826.550048828125 2826.340087890625 2826.199951171875 2824.7900390625 2823.070068359375 2822.52001953125 2823 2823.60009765625 2824.239990234375 2824.570068359375 2825.39990234375 2825.75 2825.77001953125 2826.679931640625 2827.760009765625 2828.570068359375 2829.2900390625 2829.889892578125 2829.449951171875 2829.989990234375 2830.320068359375 2830.75 2831.169921875 2832.469970703125 2835.590087890625 2836.9599609375 2838.530029296875 2840.68994140625
2810.06005859375 2810.679931640625 2811.68994140625 2809.860107421875 2810.010009765625 2810.719970703125 2811.68994140625 2812.300048828125 2812.830078125 2813.409912109375 2814.27001953125 2815.1201171875 2816.260009765625 2817.340087890625 2818.6201171875 2819.110107421875 2820.77001953125 2822.719970703125 2824.659912109375 2824.10009765625 2823.889892578125 2822.550048828125 2821.780029296875 2820.949951171875 2821.60009765625 2822.18994140625 2822.860107421875 2823.570068359375 2823.7900390625 2823.739990234375 2823.090087890625 2823.27001953125 2824.659912109375 2826.030029296875 2827.1201171875 2827.56005859375 2826.929931640625 2827.139892578125 2827.820068359375 2828.3798828125 2829.360107421875 2830.39990234375 2834.090087890625 2835.419921875 2837.14990234375 2838.929931640625
2808.56005859375 2808.169921875 2808.0400390625 2807.860107421875 2807.780029296875 2808.47998046875 2809.5 2810.47998046875 2811.10009765625 2811.929931640625 2812.449951171875 2813.22998046875 2814.300048828125 2815.320068359375 2816.010009765625 2816 2818.22998046875 2819.889892578125 2821.669921875 2822.280029296875 2821.25 2820.93994140625 2820.2099609375 2819.3798828125 2819.97998046875 2820.35009765625 2820.330078125 2821.199951171875 2821.52001953125 2821.31005859375 2820.669921875 2821.080078125 2822.10009765625 2822.469970703125 2823.93994140625 2824.860107421875 2824.409912109375 2824.6298828125 2825.719970703125 2826.18994140625 2827.2099609375 2828.659912109375 2831.489990234375 2833.570068359375 2835.64990234375 2837.43994140625
2806.6201171875 2806.469970703125 2805 2805.5400390625 2805.719970703125 2806.2900390625 2807.139892578125 2807.929931640625 2808.6298828125 2809.860107421875 2811.050048828125 2811.030029296875 2812.340087890625 2812.699951171875 2813.360107421875 2813.489990234375 2815.840087890625 2818.570068359375 2819.5 2819.3798828125 2819.239990234375 2819.219970703125 2818.43994140625 2817.89990234375 2817.419921875 2817.39990234375 2817.64990234375 2818.199951171875 2818.550048828125 2818.5400390625 2817.969970703125 2818.489990234375 2819.280029296875 2820.35009765625 2820.909912109375 2822.199951171875 2822.3798828125 2822.449951171875 2823.780029296875 2824.260009765625 2826.22998046875 2827.89990234375 2830.02001953125 2832.02001953125 2834.659912109375 2835.570068359375
